  9860
 14633
 44492
 54402
 87808
 89111
 99206
101009
101072
101644
103687
103773
107989
113395
117322
117874
118969
119917
122256
123448
123881
124127
125117
125250
125533
126469
127654
127764
130129
131405
133275
133435
136621
136753
136756
138013
138249
139992
146107
147674
149371
149387
149621
155550
156240
177415
177416
177417
177418
177419
179729
188010
201577
203849
207839
208813
210756
211729
215178
216037
216039
216273
216584
216675
216725
217361
218166
222158
223742
223966
224762
225941
226309
226440
228259
229861
230800
231473
231678
231832
235395
235797
237097
238484
238770
241049
241831
242376
243686
243937
244377
244542
244648
244782
244810
245694
246061
254553
258641
269540
269541
269542
269543
269544
274642
278205
278206
278207
278208
278209
294751
300852
300861
301012
301334
301344
301361
301514
302475
302872
303218
303485
303692
303942
304650
304824
304999
305017
305026
306264
307453
307679
307853
308059
308639
308990
309306
309429
309463
309513
309747
309801
310146
310495
310624
310887
311105
311265
311666
312025
312145
312233
312260
312585
312892
312954
313209
313445
313464
313900
314907
315664
315726
315846
315922
316065
316148
316450
316786
316979
317328
317566
317789
318489
318666
318687
319159
319940
320570
320870
321041
321421
321471
321484
321529
321962
322175
322771
323182
324438
324636
325251
325357
325511
325746
325835
326487
326559
326769
327270
327334
327357
327491
327492
327553
327655
327669
328047
329869
330040
330164
330223
330335
330365
330375
330835
331053
331381
331524
331991
332733
333268
333304
333579
333706
334722
334880
334894
335178
335356
335701
335751
336570
336599
337616
337643
337840
338329
338450
338470
339020
339283
339480
339803
339872
340381
340737
341025
341381
341788
342225
342252
342637
343133
343199
344557
344869
344870
345160
345345
345361
345477
345537
345686
346005
346016
346050
346501
347221
347319
347465
348247
348609
348904
349425
349550
349612
349754
349962
356909
358830
358831
358832
358833
358834
364220
364221
364222
364223
364224
364275
364276
364277
364278
364279
365510
365511
365512
365513
365514
365945
365946
365947
365948
365949
366649
366893
368035
368036
368037
368038
368039
368795
368796
368797
368798
368799
369301
374595
374596
374597
374598
374599
380808
381897
391346
436653
436756
436853
440195
442358
443683
464938
485305
489833
492682
521124
547084
556317
570978
600791
623768
624038
627031
644319
648783
654567
659989
734272
735876
753686
766803
768835
770956
771491
776293
779680
779826
787584
797837
805744
811762
849502
862391
865537
874920
890971
893821
908179
