4 13 18 19 33 40
11 19 22 37 39 40
10 11 25 28 37 44
15 21 23 33 34 40
9 10 14 15 42 44

3 9 17 23 26 28
2 3 5 7 17 31
2 5 9 23 28 31
13 25 30 39 40 43
17 27 31 32 36 43

10 11 23 25 40 42
6 12 20 21 30 38
1 8 13 30 32 39
12 23 24 29 39 41
7 10 21 23 32 33

4 9 20 31 33 34
2 11 16 17 27 40
9 11 31 34 43 44
1 4 10 24 30 44
1 6 15 17 18 24

7 13 17 30 42 44
1 5 20 22 23 31
7 10 11 13 33 35
3 13 16 17 34 37
8 11 21 34 37 38

16 22 34 35 40 45
1 13 15 28 29 33
3 13 15 16 32 43
1 5 6 19 32 37
21 23 29 30 40 45

4 9 12 13 26 37
3 7 23 24 26 36
10 22 26 30 31 36
3 6 9 33 34 40
3 17 18 32 39 43

2 5 17 27 40 42
3 6 16 25 33 34
13 16 25 27 41 43
12 17 26 28 30 33

12 15 27 29 31 32
3 5 13 14 40 41
10 15 18 24 25 34
5 7 8 14 31 45

9 11 12 14 17 25 
19 20 24 29 36 41
2 10 16 18 19 29
9 22 25 32 33 41

9 18 19 21 30 32
6 12 20 23 32 40
10 23 24 32 33 45
1 16 20 27 32 41

6 13 23 25 26 34
5 14 22 24 25 33
1 5 20 21 26 43
3 8 11 15 25 45

5 8 14 15 33 35
4 16 21 30 31 33
4 8 21 22 40 44
9 24 27 28 29 36

12 17 19 36 38 39
7 8 13 23 26 27
1 4 28 31 32 41
8 19 23 24 27 41

11 18 19 38 40 45
6 11 33 37 39 42
4 16 17 20 33 45
15 16 28 33 37 39

9 12 18 31 34 35
3 5 8 24 25 29
13 17 22 23 37 40
2 11 13 29 32 44

4 7 27 28 38 40
3 7 11 21 40 42
9 25 27 28 36 40
5 23 24 25 33 37

7 25 26 36 39 41
23 27 30 32 33 35
1 3 22 25 31 45
27 29 30 33 38 41

2 4 8 17 18 28
26 28 30 34 35 40
2 16 17 25 32 33
21 23 27 30 38 41

8 16 18 27 35 36
2 4 6 16 21 22
15 29 32 34 38 39
4 16 22 33 34 36

3 6 16 17 20 33
15 24 25 30 33 41
10 12 15 16 33 34
17 34 37 38 41 45

2 3 32 33 36 45
10 18 19 29 42 43
3 14 15 25 28 44
9 32 36 37 41 42

1 5 16 17 33 39
3 7 20 34 40 41
3 17 21 25 41 44
4 17 21 25 35 40

15 17 18 19 33 39
2 19 28 32 41 44
8 25 26 36 41 42
13 18 25 26 32 36

11 28 29 32 36 37
9 10 29 33 35 38
12 17 24 33 34 35
10 12 19 28 34 45

2 6 8 24 26 39
12 13 16 31 34 44
1 5 25 26 38 43
3 12 24 25 31 32

6 10 11 16 24 32
6 14 16 25 26 30
4 11 12 31 35 40
8 18 22 28 32 33

11 23 24 29 38 40
12 18 22 24 33 34
3 12 16 17 26 31
12 16 22 24 25 41

8 10 14 22 32 33
9 21 22 26 35 37
10 11 19 29 31 37
7 12 29 31 32 35

15 16 18 25 33 42
2 3 5 10 19 40
23 24 25 38 39 40
5 12 18 37 38 45

15 16 19 28 31 32
7 17 18 25 27 30
10 19 22 23 25 31
7 12 18 25 27 28

8 14 23 25 35 38
15 20 21 31 39 40
17 22 25 37 41 42
18 21 25 26 37 42

9 15 16 25 34 43
1 18 19 22 29 42
7 12 22 25 34 37
12 13 14 19 22 28

1 12 17 18 21 24
15 19 22 24 25 27
3 4 6 16 19 39
7 11 25 32 33 36

1 5 15 19 24 45
15 16 18 31 36 44
23 24 26 33 34 35
16 30 31 32 34 45

17 20 32 33 40 45
15 22 24 30 33 44
2 6 11 37 39 44
9 12 22 27 36 37

9 15 19 27 28 45
10 15 16 30 31 45
11 12 25 39 40 45
23 26 28 31 39 45

8 11 12 14 15 45
1 12 16 22 44 45
13 15 17 20 40 45
5 9 14 27 31 32

2 8 24 30 35 45
1 2 6 8 32 45
3 19 20 24 42 45
2 4 14 27 35 36

3 8 26 33 35 45
2 7 14 41 42 44
4 7 30 32 37 43
7 26 27 37 42 43

14 15 27 29 40 43
3 10 21 24 42 43
3 4 32 35 36 44
2 5 6 28 30 31

10 11 20 28 40 44
27 30 38 40 42 45
6 11 20 32 35 44
10 27 30 31 44 45

5 6 13 14 20 32
3 4 19 28 32 35
4 13 19 35 37 38
4 5 17 29 37 38

6 9 28 29 37 43
13 18 26 31 33 40
1 9 17 32 40 43
6 15 17 26 28 33

9 18 24 26 38 39
3 7 33 37 38 39
20 29 30 36 38 45
11 27 28 29 37 43

15 29 32 38 43 44
12 19 31 38 39 45
8 12 13 20 37 42
22 25 34 35 42 44

9 17 30 38 39 45
14 15 18 21 31 44
18 22 32 34 35 45
14 16 20 29 30 44

6 13 32 37 38 41
12 24 26 27 32 43
6 18 19 21 41 43
16 22 23 27 30 39

14 23 24 30 36 39
18 27 32 33 41 45
6 19 22 30 31 38
9 15 19 21 30 43

8 17 24 26 29 32
9 14 15 23 43 45
8 18 22 24 34 35
16 27 29 32 33 41

2 17 19 25 34 35
4 19 25 35 43 44
2 17 23 25 33 45
3 14 25 34 35 38
14 23 25 27 40 44

9 17 21 27 32 43
1 11 32 33 44 45  
15 21 26 33 37 39  
6 7 15 30 37 42  
13 14 19 27 35 42 

6 25 34 35 40 43
7 18 20 30 44 45
8 14 25 26 33 45
16 17 20 33 39 43

5 6 18 22 32 33
11 18 35 39 40 43
3 12 17 21 37 42 
16 18 22 39 42 44
2 8 13 24 28 42

8 19 20 27 42 45
7 21 26 27 31 39
12 31 35 38 39 41
16 26 34 35 41 43

5 16 17 18 24 35
5 16 18 24 28 36
5 17 18 24 34 39
5 16 17 24 32 35
1 7 11 16 43 44

12 18 29 36 37 41
8 19 26 28 39 45
2 18 21 28 30 41
14 19 25 32 33 42
5 17 21 34 35 41

1 8 21 30 38 39
18 22 24 25 28 43
9 24 26 27 41 45
3 17 19 28 29 37
11 30 31 33 35 45

6 14 15 29 32 41
12 19 21 25 26 33
13 15 25 26 31 37
15 21 29 37 40 41
14 19 28 34 42 43