Pair1_bonus.txt
38] 24 912
39] 23 910
43] 20 917 [+]
16] 20 914
18] 20 912
42] 19 914
45] 18 904
12] 18 911
13] 18 915
28] 18 906
14] 18 915
17] 18 916
33] 18 914
19] 18 914
30] 18 909
24] 18 917 [+]
32] 17 916
26] 17 904
22] 17 916
 3] 17 917 [+]
34] 16 917 [+]
29] 16 909
21] 16 916
23] 15 917 [+]
 6] 15 916
 9] 15 892
 5] 15 912
35] 15 916
27] 14 917 [+]
31] 14 910
 4] 14 911
25] 14 896
 2] 14 915
40] 13 913
36] 13 916
37] 13 915
44] 13 914
15] 12 903
10] 11 912
20] 11 906
 8] 11 912
 7] 11 909
11] 11 915
 1] 11 917 [+]
41] 10 895
