Pair2.txt
16 38] 7 905
21 22] 6 916
13 39] 6 891
12 26] 5 897
16 39] 5 895
16 28] 5 903
33 45] 5 865
21 42] 5 898
16 21] 5 913
 2  6] 5 915
38 39] 5 895
30 42] 5 870
30 34] 5 909
30 33] 5 872
 5 18] 5 912
 9 13] 5 891
 3 13] 5 889
29 34] 4 909
40 43] 4 894
24 36] 4 902
24 39] 4 902
33 38] 4 841
28 45] 4 886
19 42] 4 914
39 41] 4 895
31 39] 4 895
18 43] 4 882
28 30] 4 852
38 40] 4 907
18 26] 4 892
19 39] 4 902
16 33] 4 914
41 43] 4 894
18 42] 4 898
34 38] 4 888
32 43] 4 894
28 42] 4 898
19 23] 4 902
43 45] 4 904
43 44] 4 882
34 39] 4 882
21 35] 4 916
14 28] 4 906
14 26] 4 851
29 39] 4 889
13 38] 4 900
13 29] 4 889
12 13] 4 873
18 37] 4 898
17 19] 4 880
 4 32] 4 911
 7 24] 4 909
 7 13] 4 900
 6 37] 4 915
 6 16] 4 913
 5 38] 4 912
19 24] 4 914
 5 12] 4 911
 4 18] 4 892
 4 14] 4 911
 3 39] 4 889
26 42] 4 892
 3 12] 4 888
 2 28] 4 906
 9 38] 4 858
35 39] 3 910
18 22] 3 912
25 30] 3 870
16 25] 3 878
15 33] 3 865
34 42] 3 876
18 39] 3 882
18 32] 3 883
33 44] 3 914
19 43] 3 894
16 24] 3 914
27 39] 3 910
22 39] 3 875
24 44] 3 914
18 20] 3 901
19 40] 3 894
18 38] 3 912
32 42] 3 911
23 24] 3 917 [+]
24 40] 3 867
32 36] 3 916
19 33] 3 914
32 33] 3 883
16 31] 3 895
16 26] 3 895
31 38] 3 895
16 22] 3 908
26 39] 3 895
18 27] 3 881
22 38] 3 912
22 44] 3 908
24 29] 3 909
18 30] 3 901
24 27] 3 917 [+]
17 43] 3 877
30 35] 3 909
29 38] 3 907
18 35] 3 900
25 45] 3 896
19 22] 3 875
29 44] 3 907
19 21] 3 899
23 28] 3 886
21 38] 3 912
23 45] 3 886
21 33] 3 899
17 23] 3 893
21 30] 3 870
17 22] 3 877
21 28] 3 903
14 37] 3 913
14 36] 3 887
14 32] 3 911
18 44] 3 883
22 35] 3 916
14 17] 3 887
13 43] 3 858
39 43] 3 882
39 42] 3 889
13 33] 3 873
38 45] 3 896
13 25] 3 864
12 44] 3 868
12 42] 3 911
12 39] 3 873
12 30] 3 871
28 43] 3 868
11 33] 3 852
11 28] 3 852
10 38] 3 862
 9 39] 3 891
19 44] 3 914
 9 28] 3 891
 9 18] 3 892
25 36] 3 864
 8 45] 3 904
 8 43] 3 904
 8 38] 3 912
 8 33] 3 899
 8 27] 3 887
28 39] 3 891
 8 18] 3 912
 8 15] 3 855
 4 29] 3 890
 7 38] 3 900
 7 36] 3 902
 7 34] 3 909
 7 29] 3 909
20 39] 3 899
25 33] 3 837
28 37] 3 898
 6 26] 3 904
 6 22] 3 916
20 36] 3 854
 5 45] 3 896
 5 43] 3 877
28 35] 3 898
 5 34] 3 901
 5 33] 3 873
 5 30] 3 901
15 28] 3 903
 5 14] 3 911
11 17] 3 910
 4 43] 3 872
 8 21] 3 912
 4 27] 3 905
16 42] 3 914
25 32] 3 870
36 39] 3 902
 3 38] 3 905
 3 27] 3 917 [+]
 3 16] 3 908
16 40] 3 905
20 27] 3 881
 2 43] 3 904
 2 30] 3 872
35 43] 3 863
 2 26] 3 904
 2 22] 3 915
 2 16] 3 903
 2 11] 3 915
35 42] 3 898
 1 39] 3 910
 1 29] 3 890
 1 27] 3 917 [+]
 1 24] 3 917 [+]
 1 23] 3 917 [+]
 1 15] 3 893
 1 14] 3 890
25 31] 2 878
25 28] 2 837
24 45] 2 885
24 43] 2 917 [+]
15 21] 2 903
24 34] 2 909
24 33] 2 914
18 24] 2 823
18 23] 2 901
23 44] 2 908
23 42] 2 886
18 21] 2 912
23 37] 2 886
17 45] 2 887
17 44] 2 868
23 27] 2 917 [+]
17 41] 2 893
16 19] 2 914
17 39] 2 910
16 18] 2 900
17 36] 2 887
17 35] 2 910
15 45] 2 865
22 36] 2 916
17 33] 2 852
15 19] 2 874
22 32] 2 916
15 17] 2 893
22 30] 2 875
17 28] 2 868
22 26] 2 897
17 27] 2 910
14 45] 2 887
22 23] 2 908
21 44] 2 908
23 43] 2 917 [+]
21 27] 2 913
21 40] 2 907
21 39] 2 899
15 29] 2 866
21 37] 2 913
17 24] 2 880
42 43] 2 862
21 34] 2 876
21 25] 2 870
21 32] 2 916
41 44] 2 868
40 45] 2 845
40 44] 2 907
40 42] 2 870
14 42] 2 911
14 40] 2 867
14 38] 2 841
40 41] 2 894
39 45] 2 885
14 33] 2 841
39 44] 2 882
14 31] 2 906
14 30] 2 841
14 29] 2 890
17 18] 2 892
14 27] 2 913
38 43] 2 862
14 22] 2 867
14 19] 2 867
14 18] 2 890
38 42] 2 889
14 15] 2 879
13 45] 2 844
38 41] 2 895
37 45] 2 886
16 45] 2 845
13 36] 2 864
37 42] 2 898
13 31] 2 891
16 44] 2 914
13 28] 2 891
37 39] 2 869
13 24] 2 826
13 19] 2 839
13 16] 2 900
20 32] 2 881
12 43] 2 868
15 25] 2 893
12 41] 2 868
35 38] 2 900
12 38] 2 896
12 34] 2 888
12 33] 2 873
20 24] 2 850
12 29] 2 827
12 28] 2 868
17 25] 2 893
12 25] 2 896
12 24] 2 823
12 18] 2 833
16 37] 2 913
11 35] 2 910
34 44] 2 882
11 30] 2 852
11 29] 2 840
34 43] 2 882
11 25] 2 878
11 22] 2 915
11 19] 2 861
11 14] 2 841
11 13] 2 915
11 12] 2 839
10 43] 2 862
10 42] 2 862
10 40] 2 862
16 36] 2 850
10 35] 2 879
10 34] 2 862
10 28] 2 857
10 16] 2 857
10 13] 2 864
 9 43] 2 858
19 45] 2 886
33 42] 2 914
 9 37] 2 883
 9 36] 2 838
 9 34] 2 866
 9 33] 2 883
 9 32] 2 883
 9 29] 2 866
33 40] 2 845
 9 26] 2 892
 9 24] 2 824
33 39] 2 899
 9 17] 2 892
 9 14] 2 838
33 36] 2 838
 9 12] 2 839
 9 11] 2 839
16 35] 2 900
 8 44] 2 855
19 37] 2 894
 8 39] 2 899
16 34] 2 876
 8 35] 2 859
32 40] 2 894
32 39] 2 858
 8 26] 2 904
 8 22] 2 912
19 34] 2 875
 8 19] 2 899
32 37] 2 894
 8 17] 2 887
31 43] 2 854
31 41] 2 895
 7 39] 2 902
19 30] 2 875
19 28] 2 886
 7 35] 2 909
15 23] 2 893
 7 31] 2 888
15 22] 2 903
31 32] 2 906
 7 23] 2 902
 7 19] 2 902
30 45] 2 846
 7 12] 2 897
 6 43] 2 904
 6 38] 2 857
30 43] 2 872
 6 36] 2 916
 6 35] 2 916
 6 34] 2 871
 6 27] 2 913
30 41] 2 846
18 41] 2 846
 6 21] 2 916
 6 18] 2 834
30 39] 2 875
 6 12] 2 897
 6 11] 2 915
 6  8] 2 904
30 32] 2 872
29 40] 2 907
 5 42] 2 911
 5 39] 2 873
29 37] 2 890
18 45] 2 882
29 33] 2 845
 5 32] 2 911
 5 31] 2 906
29 30] 2 909
 5 29] 2 849
 5 26] 2 896
 5 23] 2 901
 5 22] 2 912
 5 21] 2 912
28 41] 2 891
 5 17] 2 877
 5 16] 2 876
28 38] 2 857
 5 13] 2 873
28 33] 2 852
 5 11] 2 841
 4 45] 2 884
16 27] 2 913
 4 42] 2 911
 4 37] 2 890
 4 35] 2 879
28 31] 2 906
 4 31] 2 829
 7 45] 2 880
 4 28] 2 884
28 29] 2 840
 4 26] 2 892
27 45] 2 887
27 44] 2 907
 4  5] 2 911
 3 45] 2 885
 3 43] 2 917 [+]
27 40] 2 907
27 38] 2 907
 3 33] 2 873
 3 31] 2 888
27 37] 2 913
 3 25] 2 864
 3 24] 2 917 [+]
 3 23] 2 917 [+]
 3 22] 2 908
 3 19] 2 839
27 36] 2 887
27 32] 2 881
26 45] 2 904
 3 10] 2 864
 3  9] 2 839
 3  7] 2 888
 2 45] 2 904
26 44] 2 853
 2 39] 2 869
 2 37] 2 915
 2 33] 2 872
 2 32] 2 906
 2 31] 2 906
26 43] 2 904
26 40] 2 832
 2 27] 2 869
26 38] 2 896
 2 25] 2 878
26 36] 2 897
26 34] 2 876
26 32] 2 881
 2  8] 2 904
26 31] 2 895
 2  4] 2 872
 1 45] 2 885
26 30] 2 871
 1 35] 2 910
26 28] 2 847
 1 28] 2 874
26 27] 2 881
25 43] 2 854
18 34] 2 901
 1 17] 2 910
 1 16] 2 848
25 40] 2 870
25 38] 2 896
 1 11] 2 910
 1  4] 2 890
 1  3] 2 917 [+]
29 35] 1 909
29 31] 1 828
12 22] 1 897
12 19] 1 839
28 44] 1 868
12 17] 1 868
12 16] 1 847
12 14] 1 911
28 36] 1 850
11 44] 1 827
11 43] 1 840
11 39] 1 910
11 38] 1 841
11 37] 1 915
28 34] 1 857
28 32] 1 906
11 31] 1 878
27 43] 1 917 [+]
27 35] 1 910
27 29] 1 907
11 27] 1 910
11 26] 1 836
26 41] 1 895
25 42] 1 870
11 21] 1 861
25 41] 1 893
14 44] 1 851
11 16] 1 878
25 29] 1 818
25 27] 1 860
25 26] 1 896
10 45] 1 835
10 44] 1 856
24 42] 1 914
24 41] 1 856
10 41] 1 856
24 38] 1 824
10 39] 1 831
24 35] 1 909
10 36] 1 864
24 30] 1 909
24 28] 1 850
10 31] 1 831
10 30] 1 820
24 26] 1 823
10 25] 1 864
10 24] 1 856
10 22] 1 820
10 21] 1 820
10 19] 1 831
24 25] 1 826
10 15] 1 879
10 14] 1 879
30 40] 1 870
 9 45] 1 835
 9 44] 1 883
23 41] 1 893
 9 42] 1 892
 9 41] 1 891
23 39] 1 902
23 36] 1 902
23 34] 1 901
23 30] 1 901
23 26] 1 853
23 25] 1 893
22 45] 1 865
 9 31] 1 891
22 43] 1 877
22 42] 1 820
 9 27] 1 822
22 41] 1 859
 9 25] 1 817
22 40] 1 867
 9 20] 1 822
 9 19] 1 839
22 37] 1 915
22 34] 1 875
 9 15] 1 866
22 33] 1 865
22 31] 1 851
22 28] 1 903
22 25] 1 861
 9 10] 1 835
22 24] 1 867
21 43] 1 863
21 36] 1 916
 8 42] 1 834
 8 41] 1 859
21 31] 1 825
21 29] 1 907
 8 36] 1 887
21 26] 1 876
21 23] 1 908
 8 32] 1 860
 8 31] 1 825
20 43] 1 854
20 37] 1 869
 8 25] 1 860
 8 23] 1 853
20 34] 1 901
20 33] 1 899
 8 20] 1 899
20 31] 1 854
20 30] 1 901
20 28] 1 850
20 26] 1 881
 8 14] 1 887
 8 13] 1 844
20 25] 1 854
20 23] 1 901
20 21] 1 899
19 41] 1 894
19 36] 1 902
19 32] 1 894
 7 33] 1 844
19 31] 1 831
 7 30] 1 909
19 26] 1 832
 7 26] 1 897
 7 25] 1 864
19 25] 1 861
19 20] 1 899
 7 22] 1 897
18 40] 1 823
 7 18] 1 900
 7 17] 1 880
 7 16] 1 900
 7 15] 1 844
18 36] 1 822
18 33] 1 883
 7 10] 1 864
 7  9] 1 824
 7  8] 1 844
 6 45] 1 904
18 31] 1 851
 6 42] 1 834
 6 39] 1 869
18 29] 1 890
18 28] 1 898
18 25] 1 860
17 42] 1 892
17 40] 1 867
 6 32] 1 916
 6 31] 1 878
 6 30] 1 871
 6 28] 1 857
17 38] 1 838
17 34] 1 849
 6 25] 1 878
17 30] 1 852
17 29] 1 849
 6 20] 1 869
17 26] 1 892
17 21] 1 861
 6 14] 1 913
 6 13] 1 915
16 43] 1 863
16 41] 1 895
 6 10] 1 857
16 30] 1 847
 6  7] 1 897
16 29] 1 845
 5 44] 1 827
16 23] 1 908
16 20] 1 850
 5 41] 1 846
15 44] 1 855
15 43] 1 855
 5 37] 1 830
 5 35] 1 829
15 42] 1 874
15 41] 1 893
15 39] 1 866
15 38] 1 825
15 37] 1 866
15 35] 1 879
 5 28] 1 906
15 34] 1 866
 5 25] 1 896
15 32] 1 865
15 31] 1 825
15 30] 1 818
 5 20] 1 901
15 16] 1 903
44 45] 1 882
14 43] 1 832
42 45] 1 886
42 44] 1 914
14 39] 1 842
41 45] 1 846
 5  8] 1 912
 5  6] 1 830
41 42] 1 833
39 40] 1 823
14 35] 1 879
 4 40] 1 905
 4 39] 1 828
 4 38] 1 905
38 44] 1 907
37 44] 1 883
 4 33] 1 872
37 43] 1 894
37 41] 1 894
 4 30] 1 872
37 40] 1 894
37 38] 1 830
36 45] 1 887
36 43] 1 854
 4 25] 1 860
 4 23] 1 884
 4 20] 1 881
14 25] 1 818
 4 17] 1 892
 4 16] 1 905
 4 15] 1 879
14 24] 1 867
 4 13] 1 828
 4 12] 1 911
 4 11] 1 840
 4 10] 1 879
 4  9] 1 892
 4  8] 1 860
 4  7] 1 828
14 23] 1 884
36 42] 1 842
 3 44] 1 908
14 21] 1 913
 3 42] 1 889
 3 40] 1 905
36 38] 1 838
35 45] 1 829
 3 36] 1 864
 3 34] 1 888
35 41] 1 859
 3 32] 1 865
14 16] 1 913
 3 29] 1 889
35 37] 1 898
35 36] 1 916
13 44] 1 821
34 45] 1 882
13 42] 1 889
 3 21] 1 908
13 41] 1 891
13 40] 1 832
 3 15] 1 865
34 40] 1 862
34 37] 1 866
 3 11] 1 839
13 37] 1 915
34 35] 1 909
13 35] 1 900
 3  5] 1 873
 3  4] 1 905
13 34] 1 849
 2 44] 1 853
33 43] 1 872
13 32] 1 858
 2 38] 1 848
33 37] 1 883
 2 34] 1 871
33 35] 1 852
33 34] 1 843
13 26] 1 832
32 45] 1 865
 2 29] 1 840
32 44] 1 883
13 22] 1 915
32 41] 1 894
13 18] 1 900
 2 23] 1 853
13 17] 1 849
 2 21] 1 903
 2 20] 1 869
32 38] 1 858
 2 15] 1 903
 2 14] 1 906
 2 13] 1 915
 2 12] 1 871
13 15] 1 844
13 14] 1 832
12 45] 1 896
 2  5] 1 906
32 35] 1 916
31 45] 1 829
 1 44] 1 821
 1 43] 1 917 [+]
 1 42] 1 874
 1 41] 1 893
 1 40] 1 845
31 44] 1 851
 1 38] 1 848
 1 37] 1 890
31 36] 1 854
 1 33] 1 845
12 40] 1 823
31 35] 1 829
31 34] 1 888
 1 26] 1 836
 1 25] 1 893
12 36] 1 897
31 33] 1 825
 1 22] 1 848
 1 19] 1 874
 1 18] 1 890
30 44] 1 875
12 32] 1 911
12 31] 1 888
30 38] 1 841
 1 13] 1 821
 1 12] 1 821
29 45] 1 845
 1 10] 1 879
 1  9] 1 836
29 43] 1 840
29 42] 1 889
 1  2] 1 848
