Pair3_bonus.txt
12 33 42] 5 799
 3 34 43] 5 924
21 30 42] 4 870
10 13 36] 4 864
16 21 45] 4 903
15 16 45] 4 903
12 18 42] 4 833
17 18 21] 4 898
 6 18 38] 4 830
30 34 35] 4 909
17 19 24] 4 880
17 43 44] 4 868
10 34 43] 4 862
17 26 36] 4 923
 9 12 34] 4 866
 7 13 18] 4 900
 6 18 37] 4 890
 6 17 21] 4 916
 6 17 18] 4 830
 1  3 12] 4 812
 3 31 32] 4 888
 3 13 34] 4 924
 3 12 13] 4 873
 2 28 45] 4 903
 2  6 11] 4 915
16 21 27] 3 913
16 38 45] 3 819
16 21 26] 3 876
19 31 39] 3 891
14 17 36] 3 887
10 32 36] 3 864
12 17 23] 3 877
16 17 45] 3 783
10 34 38] 3 862
17 28 37] 3 898
17 21 36] 3 916
33 36 42] 3 826
18 21 34] 3 901
17 23 45] 3 884
13 39 42] 3 925
12 33 38] 3 918
15 21 43] 3 808
18 35 42] 3 919
33 34 35] 3 909
17 27 36] 3 922
31 32 42] 3 870
13 38 39] 3 889
21 34 41] 3 766
26 38 39] 3 895
32 40 43] 3 894
32 40 42] 3 870
12 26 45] 3 896
11 21 36] 3 811
14 36 38] 3 842
25 33 45] 3 837
15 21 41] 3 808
13 26 36] 3 804
24 26 34] 3 876
16 24 42] 3 914
12 15 24] 3 823
17 21 27] 3 815
19 30 39] 3 902
13 29 39] 3 889
22 32 36] 3 916
10 38 43] 3 862
15 33 45] 3 865
11 17 33] 3 852
18 24 27] 3 822
17 36 45] 3 887
12 31 42] 3 805
29 33 34] 3 920
26 34 38] 3 871
23 39 43] 3 882
15 41 43] 3 927 [+] ( <= 808 )
17 18 42] 3 919
14 17 45] 3 887
19 24 41] 3 867
11 33 38] 3 918
15 21 31] 3 825
21 26 36] 3 815
12 39 43] 3 863
15 16 38] 3 819
29 30 33] 3 909
12 19 41] 3 833
23 28 42] 3 886
17 18 37] 3 898
18 19 39] 3 833
23 34 43] 3 917
11 18 27] 3 802
12 18 24] 3 823
12 31 32] 3 888
11 18 24] 3 802
10 22 31] 3 784
10 21 43] 3 810
10 18 21] 3 912
10 16 43] 3 857
10 15 41] 3 893
10 15 21] 3 793
10 13 32] 3 864
10 12 42] 3 802
11 17 21] 3 861
 9 34 39] 3 866
 9 19 31] 3 891
 9 18 42] 3 919
 9 18 20] 3 881
 9 14 17] 3 919
 9 13 28] 3 891
 9 12 43] 3 817
 9 12 39] 3 866
17 24 41] 3 867
 9 12 23] 3 770
 8 19 21] 3 899
 7 29 34] 3 909
 7 29 30] 3 909
 7 24 34] 3 909
 7 19 38] 3 880
11 12 33] 3 918
 7 12 38] 3 918
 7 12 31] 3 918
 6 38 45] 3 789
 6 36 37] 3 778
 6 34 38] 3 871
 6 25 33] 3 837
 6 21 37] 3 913
 6 21 35] 3 916
 9 39 43] 3 858
30 33 35] 3 909
 6 18 34] 3 807
 6 18 21] 3 777
30 33 34] 3 909
 7 24 30] 3 909
 6 16 38] 3 857
 6 16 37] 3 913
 6 16 18] 3 926
 6 14 37] 3 915
 6 12 34] 3 871
 6 11 21] 3 778
 6 11 17] 3 809
 6 10 34] 3 857
 6 10 30] 3 820
 6 10 18] 3 926
 5 33 38] 3 918
 5 30 43] 3 846
 5 21 34] 3 901
 3 12 42] 3 805
 5 14 32] 3 911
 5 13 39] 3 873
 5 12 38] 3 918
 5 12 33] 3 918
16 18 38] 3 900
 5 11 14] 3 841
 4 32 42] 3 925
 4 29 43] 3 872
 4 27 32] 3 881
 4 20 27] 3 905
 4 18 27] 3 881
 4 16 20] 3 905
 4 14 18] 3 890
 4 10 14] 3 879
 3 42 43] 3 924
12 32 42] 3 911
 3 31 39] 3 885
17 28 44] 3 868
 3 25 36] 3 864
 3 13 42] 3 924
 3 13 39] 3 889
 3 13 38] 3 889
21 30 34] 3 901
 3 13 32] 3 864
 3 13 29] 3 889
 3 12 43] 3 817
 3 12 33] 3 873
14 26 30] 3 832
 3 10 36] 3 864
 5 11 33] 3 918
 3 10 32] 3 864
 3 10 31] 3 831
 3 10 16] 3 831
 3 10 13] 3 864
 3  9 12] 3 839
 3  8 43] 3 834
 2 42 45] 3 886
 2 32 33] 3 872
 2 31 32] 3 906
 2 29 43] 3 920
12 18 39] 3 833
 2 27 43] 3 922
 2 26 43] 3 920
 2 17 43] 3 922
 2 17 27] 3 922
 2  6 45] 3 904
 2  6 27] 3 922
16 33 40] 3 845
 2  4 43] 3 872
 2  4 27] 3 869
 1 12 43] 3 812
 1 12 16] 3 821
 1 10 12] 3 812
 1  3 43] 3 917
 3 10 34] 3 795
32 38 39] 2 858
16 17 21] 2 780
12 17 18] 2 877
18 20 34] 2 901
16 17 19] 2 780
18 20 31] 2 926
32 36 43] 2 854
32 36 42] 2 842
13 24 33] 2 826
18 20 27] 2 881
32 36 39] 2 842
13 24 32] 2 925
21 41 43] 2 808
14 23 37] 2 884
32 34 43] 2 862
32 34 42] 2 925
15 39 40] 2 823
21 39 43] 2 863
32 34 38] 2 888
18 20 21] 2 901
15 38 45] 2 819
32 33 43] 2 872
32 33 42] 2 791
32 33 40] 2 759
15 38 43] 2 927 [+] ( <= 793 )
21 38 42] 2 825
14 23 28] 2 884
12 16 43] 2 863
18 19 30] 2 833
21 37 40] 2 913
31 39 45] 2 885
31 39 41] 2 895
12 26 34] 2 871
14 22 41] 2 867
21 36 45] 2 811
21 36 41] 2 796
14 22 40] 2 867
12 26 30] 2 871
21 35 43] 2 863
21 35 42] 2 898
21 35 41] 2 778
21 35 39] 2 863
31 35 43] 2 829
17 41 44] 2 868
21 35 37] 2 898
21 35 36] 2 916
17 41 43] 2 868
31 34 38] 2 888
21 34 44] 2 743
31 33 42] 2 825
31 33 38] 2 918
11 17 35] 2 910
31 32 43] 2 854
21 34 42] 2 876
12 26 28] 2 847
17 40 41] 2 867
31 32 36] 2 854
12 25 45] 2 896
21 33 42] 2 843
17 38 45] 2 880
30 42 45] 2 814
15 34 42] 2 774
15 34 41] 2 744
11 35 39] 2 910
12 25 43] 2 868
11 24 33] 2 841
21 32 41] 2 808
30 39 41] 2 833
15 33 40] 2 819
21 31 43] 2 808
21 31 42] 2 870
15 33 38] 2 825
30 36 39] 2 902
30 36 37] 2 755
11 34 44] 2 924
30 35 42] 2 820
21 31 38] 2 825
21 31 35] 2 793
30 34 44] 2 875
30 34 42] 2 843
17 36 38] 2 838
30 34 39] 2 875
21 31 32] 2 870
12 16 30] 2 847
30 34 36] 2 875
17 35 42] 2 919
11 24 30] 2 841
12 16 28] 2 863
14 20 38] 2 838
15 31 43] 2 808
21 30 35] 2 820
15 31 42] 2 825
12 16 26] 2 847
15 31 38] 2 825
12 16 24] 2 821
11 34 42] 2 924
17 33 42] 2 799
17 33 38] 2 838
29 38 44] 2 907
29 38 42] 2 889
15 31 34] 2 767
21 28 45] 2 903
12 16 21] 2 863
21 28 42] 2 898
11 24 27] 2 802
14 20 31] 2 906
11 33 44] 2 827
12 24 41] 2 779
21 28 35] 2 898
10 32 34] 2 862
29 34 39] 2 866
21 27 45] 2 780
21 27 44] 2 907
29 34 35] 2 909
21 27 40] 2 913
13 19 30] 2 832
29 33 43] 2 920
21 27 37] 2 913
12 24 39] 2 823
15 28 42] 2 874
29 33 35] 2 909
14 19 40] 2 867
12 15 39] 2 866
13 18 45] 2 846
21 26 41] 2 796
29 31 39] 2 828
14 19 26] 2 836
29 31 32] 2 754
12 24 36] 2 822
12 24 34] 2 779
29 30 35] 2 909
29 30 34] 2 909
14 18 44] 2 919
28 43 44] 2 868
28 42 45] 2 886
13 18 41] 2 846
15 26 40] 2 823
21 25 36] 2 815
12 24 30] 2 786
28 38 45] 2 835
28 38 43] 2 857
28 38 42] 2 814
28 37 45] 2 886
17 28 43] 2 868
13 18 38] 2 900
28 37 42] 2 898
17 28 35] 2 898
12 24 27] 2 822
14 18 35] 2 919
17 27 45] 2 887
17 27 43] 2 922
15 25 40] 2 819
12 24 26] 2 823
15 25 33] 2 819
21 23 30] 2 908
13 18 31] 2 828
13 18 30] 2 846
12 23 45] 2 896
12 23 43] 2 877
21 22 35] 2 916
14 18 22] 2 851
21 22 30] 2 908
28 30 45] 2 837
28 30 42] 2 847
17 25 44] 2 868
17 25 43] 2 868
17 25 41] 2 893
15 24 41] 2 808
28 30 33] 2 852
17 25 28] 2 868
27 42 44] 2 914
27 42 43] 2 760
20 37 39] 2 899
11 33 35] 2 852
27 38 44] 2 907
15 24 36] 2 764
12 15 34] 2 866
27 38 40] 2 907
12 23 34] 2 799
27 37 40] 2 913
17 24 40] 2 867
27 37 38] 2 907
15 24 31] 2 808
27 36 43] 2 922
14 17 38] 2 838
10 28 38] 2 857
11 12 42] 2 802
11 17 27] 2 910
27 34 44] 2 813
14 17 28] 2 884
11 14 33] 2 841
17 23 41] 2 923
12 22 43] 2 877
14 17 23] 2 884
20 31 38] 2 806
12 22 42] 2 847
15 22 45] 2 903
20 31 34] 2 782
20 31 32] 2 906
27 31 39] 2 910
11 21 45] 2 811
11 12 38] 2 918
27 30 44] 2 813
17 23 28] 2 884
12 15 18] 2 823
11 21 41] 2 778
12 22 28] 2 921
15 22 34] 2 767
27 29 44] 2 907
14 16 38] 2 900
10 34 36] 2 795
27 29 38] 2 907
20 27 38] 2 905
20 27 37] 2 869
27 28 43] 2 840
15 22 31] 2 767
12 22 26] 2 897
13 16 24] 2 826
17 22 24] 2 867
15 21 45] 2 903
17 21 45] 2 780
14 16 27] 2 913
20 25 31] 2 926
17 21 37] 2 898
26 39 42] 2 889
20 24 36] 2 850
17 21 35] 2 916
26 38 42] 2 889
26 38 41] 2 927 [+] ( <= 895 )
26 36 42] 2 892
26 36 41] 2 923
15 21 38] 2 825
26 36 38] 2 842
14 16 18] 2 900
17 21 26] 2 815
17 21 25] 2 861
15 21 34] 2 744
17 21 22] 2 916
11 30 42] 2 813
10 31 43] 2 793
11 30 35] 2 852
17 19 45] 2 880
26 32 36] 2 842
13 15 18] 2 844
12 21 35] 2 863
17 19 41] 2 867
11 30 33] 2 852
11 12 29] 2 827
26 30 43] 2 832
13 14 37] 2 915
10 31 42] 2 791
11 21 25] 2 861
13 14 30] 2 832
11 16 45] 2 769
17 19 22] 2 867
19 40 43] 2 894
19 40 41] 2 894
26 29 38] 2 889
17 19 21] 2 861
26 29 34] 2 920
13 14 26] 2 832
10 31 39] 2 831
19 39 41] 2 891
19 38 45] 2 880
19 37 45] 2 894
26 28 30] 2 847
15 19 44] 2 855
19 37 41] 2 894
25 43 44] 2 868
25 42 45] 2 746
10 27 42] 2 802
17 18 36] 2 923
17 18 35] 2 919
19 36 39] 2 902
11 29 33] 2 827
25 38 45] 2 896
12 20 24] 2 822
19 34 44] 2 875
10 36 37] 2 742
25 36 45] 2 811
19 34 41] 2 779
25 36 42] 2 826
12 42 45] 2 799
12 42 43] 2 765
25 33 42] 2 826
25 33 40] 2 819
17 18 26] 2 923
25 33 36] 2 826
19 33 42] 2 914
17 18 23] 2 923
11 19 39] 2 788
25 32 42] 2 870
25 32 36] 2 864
10 32 43] 2 862
16 41 45] 2 769
16 40 45] 2 845
25 31 32] 2 870
13 39 43] 2 858
16 39 43] 2 863
15 19 21] 2 780
16 38 41] 2 895
16 38 40] 2 905
19 30 42] 2 843
25 28 44] 2 868
25 28 43] 2 868
19 30 41] 2 833
16 38 39] 2 895
25 28 30] 2 837
12 19 39] 2 833
19 30 36] 2 902
19 30 34] 2 875
19 29 39] 2 816
15 18 41] 2 744
16 37 38] 2 830
16 36 45] 2 783
11 19 35] 2 839
19 28 42] 2 886
15 18 39] 2 823
15 18 34] 2 774
11 13 43] 2 924
12 19 35] 2 839
24 41 43] 2 856
12 38 45] 2 896
15 18 24] 2 823
24 40 41] 2 867
16 34 43] 2 857
24 39 43] 2 781
10 32 42] 2 862
12 19 31] 2 816
16 34 38] 2 857
16 33 45] 2 845
15 17 45] 2 783
12 19 30] 2 833
16 33 42] 2 914
24 36 39] 2 902
19 25 36] 2 811
10 28 45] 2 835
13 36 37] 2 755
11 27 42] 2 813
12 19 24] 2 779
13 35 38] 2 900
24 34 42] 2 925
24 34 41] 2 779
16 31 39] 2 895
19 24 39] 2 902
11 19 25] 2 861
13 34 43] 2 924
24 33 42] 2 914
19 24 36] 2 902
13 34 42] 2 925
15 17 23] 2 893
24 33 35] 2 909
13 34 39] 2 925
15 17 19] 2 855
19 23 45] 2 886
19 23 42] 2 886
11 19 24] 2 861
12 34 45] 2 799
16 28 43] 2 863
12 34 43] 2 817
19 23 28] 2 886
24 31 39] 2 885
19 23 24] 2 902
16 28 39] 2 863
24 31 32] 2 808
12 34 42] 2 799
12 34 41] 2 779
12 34 39] 2 866
24 30 39] 2 902
24 30 38] 2 841
12 34 38] 2 888
12 34 37] 2 866
16 27 45] 2 780
24 30 33] 2 909
16 27 44] 2 914
19 22 24] 2 867
19 21 45] 2 811
24 29 34] 2 909
19 21 44] 2 773
15 16 21] 2 903
16 27 40] 2 913
12 33 45] 2 799
13 32 42] 2 925
15 16 17] 2 783
11 27 35] 2 910
19 21 34] 2 843
19 21 33] 2 899
24 27 42] 2 914
16 27 28] 2 787
13 32 39] 2 925
16 26 42] 2 876
19 21 25] 2 861
16 26 41] 2 895
10 26 36] 2 804
13 32 36] 2 864
11 19 21] 2 861
18 43 45] 2 882
10 42 43] 2 862
13 31 39] 2 891
13 31 32] 2 805
18 41 45] 2 846
18 41 43] 2 846
14 36 45] 2 887
23 42 45] 2 886
16 25 36] 2 826
16 25 33] 2 826
18 39 43] 2 882
16 25 31] 2 926
13 30 43] 2 846
23 38 45] 2 896
23 38 43] 2 858
16 24 44] 2 914
18 38 45] 2 782
23 38 39] 2 895
23 37 45] 2 886
12 18 34] 2 777
16 24 39] 2 850
10 41 44] 2 856
16 24 36] 2 850
18 37 38] 2 830
23 34 45] 2 882
16 24 33] 2 914
12 18 31] 2 816
23 34 39] 2 882
11 13 35] 2 839
14 35 42] 2 919
11 26 45] 2 904
18 34 45] 2 882
10 41 43] 2 856
18 34 43] 2 882
23 31 39] 2 895
23 31 38] 2 895
14 33 38] 2 841
12 18 27] 2 822
14 32 42] 2 911
14 32 41] 2 798
23 28 45] 2 886
12 31 38] 2 918
12 26 38] 2 896
22 36 39] 2 875
23 28 37] 2 886
14 32 36] 2 842
13 29 31] 2 828
10 35 38] 2 835
23 27 43] 2 917
12 31 33] 2 918
23 27 38] 2 806
18 32 42] 2 860
41 43 45] 2 894
41 43 44] 2 868
16 22 30] 2 908
16 22 28] 2 903
12 30 42] 2 847
14 30 43] 2 832
23 26 41] 2 923
18 31 39] 2 828
23 26 38] 2 896
23 24 39] 2 902
16 21 44] 2 908
12 30 41] 2 833
12 30 39] 2 833
12 30 38] 2 871
11 42 44] 2 924
18 30 41] 2 846
12 29 44] 2 827
10 22 42] 2 820
10 22 39] 2 784
10 22 32] 2 798
40 42 43] 2 862
18 29 39] 2 828
10 21 41] 2 744
10 21 38] 2 912
10 21 35] 2 820
10 21 34] 2 744
10 21 30] 2 820
10 21 22] 2 912
10 19 39] 2 831
10 18 34] 2 807
10 18 27] 2 802
10 18 25] 2 926
10 18 22] 2 912
12 29 39] 2 866
10 17 41] 2 893
40 41 43] 2 894
10 16 34] 2 857
10 16 31] 2 926
10 16 28] 2 857
10 16 18] 2 926
10 15 43] 2 793
18 29 31] 2 828
10 15 35] 2 879
10 15 34] 2 744
16 21 34] 2 876
10 15 18] 2 744
10 14 36] 2 887
10 14 27] 2 887
10 14 22] 2 798
10 14 18] 2 756
10 14 16] 2 812
10 14 15] 2 879
10 13 38] 2 835
10 13 37] 2 742
18 28 42] 2 898
10 40 43] 2 862
10 13 26] 2 804
10 12 43] 2 812
16 21 28] 2 903
10 12 31] 2 791
10 12 27] 2 802
10 11 39] 2 810
38 42 43] 2 862
 9 39 41] 2 891
 9 36 42] 2 892
 9 34 43] 2 817
18 27 42] 2 860
 9 33 36] 2 838
 9 32 43] 2 858
 9 32 36] 2 804
 9 32 33] 2 883
 9 31 39] 2 891
 9 30 43] 2 803
 9 30 39] 2 766
 9 30 35] 2 852
 9 29 34] 2 866
 9 28 35] 2 852
 9 26 36] 2 892
 9 26 32] 2 881
 9 23 43] 2 858
 9 23 39] 2 858
 9 20 36] 2 838
 9 20 27] 2 881
 9 19 39] 2 891
12 18 19] 2 833
 9 19 28] 2 891
 9 18 44] 2 919
14 28 37] 2 884
 9 18 36] 2 892
 9 18 32] 2 883
 9 18 28] 2 776
 9 18 27] 2 881
 9 18 26] 2 892
18 27 32] 2 881
 9 17 42] 2 919
 9 17 36] 2 892
 9 17 35] 2 919
 9 17 33] 2 852
 9 17 28] 2 852
 9 17 18] 2 919
 9 16 31] 2 831
 9 16 19] 2 831
 9 15 34] 2 866
 9 14 28] 2 836
 9 14 26] 2 836
22 38 41] 2 927 [+] ( <= 859 )
 9 13 43] 2 858
 9 13 39] 2 891
 9 13 38] 2 858
 9 13 35] 2 839
 9 13 32] 2 858
22 38 39] 2 859
 9 13 19] 2 891
38 39 42] 2 889
38 39 41] 2 895
16 21 22] 2 908
 9 12 28] 2 774
 9 12 24] 2 822
11 39 43] 2 810
 9 12 18] 2 822
 9 12 15] 2 866
 9 12 13] 2 839
 9 11 35] 2 852
 9 11 28] 2 852
 9 11 19] 2 839
 9 10 13] 2 835
 8 42 43] 2 834
 8 36 45] 2 887
 8 33 42] 2 825
 8 22 38] 2 912
 8 21 38] 2 912
 8 21 33] 2 899
 8 21 31] 2 825
 8 20 21] 2 899
 8 19 44] 2 855
 8 19 31] 2 773
10 31 32] 2 791
 8 18 42] 2 860
 8 18 21] 2 912
 8 17 31] 2 754
 8 17 19] 2 855
 8 15 33] 2 844
 8 12 19] 2 790
 8 11 45] 2 904
 8 10 36] 2 887
 7 42 45] 2 761
 7 38 45] 2 880
 7 34 38] 2 888
 7 34 35] 2 909
 7 33 35] 2 909
 7 33 34] 2 909
 7 31 39] 2 828
 7 31 38] 2 918
 7 31 34] 2 888
 7 30 38] 2 794
 7 30 35] 2 909
 7 30 34] 2 909
 7 30 33] 2 909
 7 29 39] 2 828
 7 29 38] 2 824
 7 29 36] 2 897
 7 29 35] 2 909
37 41 45] 2 894
 7 29 33] 2 909
 7 29 31] 2 828
16 20 40] 2 905
 7 26 29] 2 897
 7 25 36] 2 864
 7 24 45] 2 880
 7 24 38] 2 880
 7 24 36] 2 902
13 27 41] 2 737
 7 24 29] 2 909
 7 23 24] 2 902
 7 22 36] 2 897
 7 22 34] 2 764
 7 22 29] 2 897
 7 19 45] 2 880
 7 19 39] 2 902
18 26 40] 2 851
 7 19 36] 2 902
 7 19 30] 2 902
 7 19 29] 2 816
 7 19 24] 2 902
 7 19 23] 2 902
 7 18 39] 2 828
 7 18 38] 2 900
 7 18 31] 2 828
 7 18 29] 2 828
 7 18 19] 2 816
 7 17 44] 2 855
 7 17 23] 2 880
 7 17 19] 2 880
 7 13 45] 2 844
 7 13 39] 2 828
 7 13 38] 2 900
 7 13 25] 2 864
12 29 33] 2 827
18 26 36] 2 923
16 20 38] 2 905
 7 12 29] 2 897
 7 12 28] 2 921
 7 12 22] 2 921
 7 12 19] 2 816
 7 11 45] 2 769
 7 11 33] 2 918
 7  8 15] 2 855
14 28 30] 2 818
 6 37 41] 2 778
 6 37 40] 2 913
 6 37 38] 2 830
12 17 43] 2 877
 6 35 42] 2 834
 6 35 36] 2 916
12 17 42] 2 799
 6 34 37] 2 777
 6 33 45] 2 845
 6 33 40] 2 845
 6 30 38] 2 871
 6 30 34] 2 871
 6 27 37] 2 913
22 34 39] 2 875
 6 25 31] 2 926
 6 22 36] 2 916
 6 22 35] 2 916
 6 21 41] 2 778
36 42 43] 2 759
 6 21 36] 2 916
13 26 38] 2 889
 6 21 32] 2 916
 6 21 30] 2 820
 6 21 27] 2 913
 6 21 22] 2 916
 6 20 31] 2 926
 6 19 38] 2 794
 6 18 45] 2 782
22 34 36] 2 875
16 20 28] 2 850
 6 18 35] 2 834
11 13 24] 2 737
 6 18 31] 2 926
 6 18 30] 2 794
 6 18 29] 2 890
 6 18 25] 2 926
14 27 37] 2 913
 6 18 20] 2 926
 6 17 37] 2 830
 6 17 36] 2 922
 6 17 27] 2 922
16 20 24] 2 850
12 28 43] 2 868
 6 16 45] 2 845
 6 16 40] 2 913
36 38 42] 2 842
22 32 45] 2 865
 6 16 31] 2 926
 6 16 28] 2 857
 6 16 27] 2 913
 6 16 25] 2 926
12 28 42] 2 847
 6 15 40] 2 809
13 26 30] 2 832
 6 14 21] 2 913
 6 13 37] 2 915
 6 13 36] 2 922
 6 13 27] 2 922
 6 12 38] 2 871
16 19 39] 2 831
 6 12 26] 2 897
 6 12 19] 2 789
 6 11 41] 2 778
 6 11 37] 2 915
35 42 44] 2 919
18 24 39] 2 823
 6 11 14] 2 915
 6 10 37] 2 742
 6 10 36] 2 742
 6 10 35] 2 820
35 39 41] 2 859
12 28 41] 2 921
 6 10 25] 2 926
 6 10 21] 2 820
22 32 33] 2 883
 6 10 16] 2 926
 6  8 43] 2 904
 6  7 38] 2 794
 6  7 19] 2 794
 6  7 12] 2 897
 5 43 45] 2 846
 5 41 45] 2 846
 5 39 43] 2 810
 5 36 39] 2 850
 5 34 42] 2 876
14 26 43] 2 832
 5 31 45] 2 829
 5 31 32] 2 906
16 19 31] 2 831
 5 24 39] 2 850
 5 24 30] 2 841
 5 22 31] 2 797
 5 21 41] 2 796
22 31 42] 2 767
 5 21 26] 2 876
 5 20 34] 2 901
 5 20 31] 2 906
 5 20 28] 2 906
 5 18 43] 2 877
 5 18 38] 2 912
 5 18 30] 2 901
 5 18 23] 2 901
22 31 39] 2 797
 5 18 21] 2 912
 5 17 43] 2 877
 5 17 18] 2 877
 5 16 45] 2 769
 5 16 34] 2 876
 5 16 28] 2 850
 5 16 27] 2 787
 5 16 24] 2 876
 5 16 21] 2 876
 5 14 33] 2 841
34 44 45] 2 882
 5 14 30] 2 841
 5 13 43] 2 846
 5 13 41] 2 846
22 31 36] 2 797
 5 13 27] 2 787
 5 12 43] 2 877
 5 12 39] 2 873
34 43 44] 2 924
22 31 34] 2 767
 5 12 23] 2 896
 5 12 22] 2 921
 5 12 14] 2 911
 5 11 41] 2 772
 5 11 38] 2 918
34 42 44] 2 924
 5 11 21] 2 810
34 42 43] 2 924
 5 11 12] 2 918
 5 10 21] 2 912
 5 10 13] 2 810
 5  9 43] 2 803
 5  9 30] 2 803
 5  7 41] 2 921
 5  7 12] 2 921
 5  7 11] 2 918
 5  6 16] 2 830
 4 34 42] 2 925
 4 33 43] 2 872
 4 33 40] 2 785
 4 32 43] 2 872
22 31 32] 2 797
 4 30 42] 2 843
 4 30 33] 2 872
22 30 44] 2 908
 4 29 31] 2 829
 4 29 30] 2 872
 4 28 45] 2 884
 4 27 43] 2 840
 4 27 38] 2 905
 4 27 37] 2 869
22 30 42] 2 847
 4 27 29] 2 840
 4 27 28] 2 840
 4 26 36] 2 892
 4 26 27] 2 881
 4 25 27] 2 860
 4 25 26] 2 815
 4 24 42] 2 925
 4 24 34] 2 925
 4 20 40] 2 905
18 23 43] 2 882
 4 19 34] 2 843
 4 18 42] 2 892
 4 18 39] 2 828
 4 18 32] 2 881
 4 18 29] 2 890
16 19 27] 2 914
 4 18 26] 2 892
 4 17 36] 2 892
 4 17 28] 2 884
 4 17 27] 2 815
 4 17 26] 2 892
 4 16 40] 2 905
 4 16 28] 2 756
 4 16 27] 2 905
22 30 35] 2 820
 4 16 17] 2 751
 4 15 26] 2 927 [+] ( <= 785 )
 4 15 22] 2 927 [+] ( <= 730 )
 4 14 37] 2 890
 4 14 35] 2 911
 4 14 28] 2 884
34 39 44] 2 882
 4 14 15] 2 879
 4 13 39] 2 925
 4 11 45] 2 769
 4 10 28] 2 800
 4 10 27] 2 756
 4 10 18] 2 756
 4 10 15] 2 879
34 39 43] 2 882
 4  9 26] 2 892
 4  9 18] 2 892
 4  9 17] 2 892
 4  7 45] 2 769
 4  7 30] 2 768
 4  7 29] 2 828
 4  7 16] 2 769
 4  7 11] 2 769
 4  6 37] 2 890
 4  5 45] 2 829
 4  5 43] 2 829
 4  5 41] 2 769
 4  5 35] 2 911
 4  5 32] 2 911
 4  5 27] 2 735
22 30 34] 2 875
 3 38 39] 2 889
11 36 45] 2 811
 3 34 38] 2 888
 3 34 36] 2 795
 3 33 45] 2 865
 3 33 43] 2 920
 3 33 42] 2 765
 3 32 43] 2 854
 3 32 36] 2 864
 3 32 34] 2 888
16 19 24] 2 914
34 38 43] 2 862
 3 29 39] 2 889
 3 29 34] 2 920
 3 26 41] 2 923
 3 26 38] 2 889
 3 26 36] 2 923
 3 26 34] 2 920
 3 26 29] 2 920
 3 25 43] 2 854
18 23 34] 2 901
 3 25 32] 2 864
 3 25 31] 2 878
 3 24 39] 2 885
 3 24 31] 2 885
 3 24 27] 2 917
 3 23 24] 2 917
 3 22 32] 2 865
 3 22 31] 2 784
 3 22 23] 2 908
 3 19 41] 2 790
 3 18 42] 2 834
 3 17 41] 2 923
 3 16 44] 2 908
 3 16 43] 2 812
 3 16 31] 2 878
 3 16 21] 2 908
 3 16 20] 2 905
 3 13 43] 2 924
14 26 40] 2 851
12 17 34] 2 799
18 22 44] 2 883
 3 13 36] 2 864
12 17 33] 2 799
13 25 42] 2 826
 3 13 31] 2 805
14 26 36] 2 842
 3 13 26] 2 889
 3 13 25] 2 864
16 18 37] 2 830
 5 18 22] 2 912
 3 12 41] 2 790
 3 12 38] 2 888
 3 12 34] 2 888
11 24 42] 2 802
 3 12 32] 2 888
 3 12 31] 2 888
 3 12 25] 2 817
 3 12 19] 2 839
 3 12 16] 2 812
13 25 36] 2 864
 3 11 13] 2 924
 3 10 43] 2 812
 3 10 39] 2 831
12 27 42] 2 802
33 42 45] 2 799
33 42 43] 2 765
33 40 45] 2 845
 3 10 23] 2 784
 3 10 22] 2 784
33 40 43] 2 759
14 26 28] 2 836
 3 10 12] 2 812
 3  9 19] 2 839
 3  9 13] 2 839
12 17 28] 2 868
 3  9 10] 2 831
33 38 42] 2 825
 3  8 42] 2 834
 3  8 12] 2 790
 3  7 32] 2 888
 3  5 39] 2 873
 3  5 13] 2 873
 3  4 20] 2 905
 3  4 16] 2 905
13 24 42] 2 925
 2 38 45] 2 814
 2 34 38] 2 871
 2 33 45] 2 865
 2 33 43] 2 920
 2 32 43] 2 872
18 21 37] 2 898
16 17 38] 2 830
 2 30 45] 2 837
 2 30 43] 2 872
 2 30 38] 2 871
 2 30 33] 2 872
18 21 30] 2 901
 2 29 33] 2 920
 2 29 32] 2 872
14 24 41] 2 867
 2 28 43] 2 840
 2 28 42] 2 886
 2 28 37] 2 886
 2 28 30] 2 837
22 24 41] 2 867
18 21 28] 2 898
 2 26 34] 2 920
 2 26 30] 2 871
 2 25 45] 2 837
 2 25 28] 2 837
 2 22 45] 2 903
 2 22 32] 2 865
 2 21 45] 2 903
 2 21 28] 2 903
 2 19 45] 2 886
 2 19 37] 2 886
 2 19 36] 2 792
 2 19 29] 2 792
 2 19 24] 2 753
33 34 42] 2 843
 2 17 37] 2 801
 2 17 32] 2 754
22 24 39] 2 859
 2 17 24] 2 754
 2 16 25] 2 878
 2 16 22] 2 903
 2 15 45] 2 903
 2 15 22] 2 903
 2 14 32] 2 906
 2 14 22] 2 915
 2 13 27] 2 922
 2 12 38] 2 871
 2 12 19] 2 789
 2 11 43] 2 904
 2 11 29] 2 840
 2 11 27] 2 840
 2 10 32] 2 798
 2 10 12] 2 791
 2  8 26] 2 904
 2  7 45] 2 789
 2  7 25] 2 792
 2  7 19] 2 792
32 42 43] 2 862
 2  6 43] 2 922
 2  6 38] 2 871
 2  6 37] 2 915
 2  6 30] 2 871
16 17 36] 2 783
 2  6 26] 2 904
 2  6 25] 2 878
 2  6 17] 2 922
 2  6 13] 2 922
 2  6 12] 2 871
32 41 43] 2 894
 2  5 43] 2 803
 2  5 32] 2 906
 2  5 14] 2 906
11 17 39] 2 910
 2  4 32] 2 872
 2  4 29] 2 872
10 34 41] 2 744
 2  3 33] 2 920
 1 34 43] 2 917
 1 34 39] 2 848
 1 31 39] 2 910
 1 27 39] 2 910
 1 27 31] 2 910
 1 26 41] 2 796
 1 26 36] 2 804
 1 26 28] 2 836
 1 24 27] 2 917
 1 23 43] 2 917
 1 23 34] 2 917
 1 21 41] 2 796
 1 21 26] 2 796
 1 19 28] 2 874
 1 16 29] 2 845
 1 15 23] 2 893
 1 15 19] 2 874
22 24 31] 2 784
 1 12 41] 2 921
 1 12 28] 2 921
 1 12 26] 2 800
 1 12 24] 2 821
 1 12 23] 2 770
32 39 42] 2 925
 1 11 17] 2 910
 1 10 26] 2 804
 1 10 23] 2 893
 1 10 15] 2 893
 1 10 14] 2 879
32 38 43] 2 862
 1  9 26] 2 836
 1  9 23] 2 770
 1  9 12] 2 770
 1  9 10] 2 804
 1  6 33] 2 845
 1  6 29] 2 890
 1  5 41] 2 921
 1  4 14] 2 890
 1  4 10] 2 879
32 38 42] 2 862
 1  3 27] 2 917
 1  3 24] 2 917
 1  3 23] 2 917
 1  3 16] 2 812
12 26 41] 2 762
 1  3 10] 2 812
 1  2 12] 2 750
21 33 34] 1 843
21 32 43] 1 808
21 32 42] 1 870
21 32 40] 1 870
21 32 36] 1 916
21 32 35] 1 916
21 31 44] 1 773
21 31 41] 1 808
21 31 40] 1 870
21 31 33] 1 825
21 30 45] 1 814
21 30 44] 1 908
21 30 41] 1 766
21 30 40] 1 870
21 30 39] 1 766
21 30 38] 1 814
21 30 33] 1 843
21 30 32] 1 870
21 30 31] 1 870
21 29 44] 1 907
21 29 40] 1 907
21 29 38] 1 907
21 29 37] 1 907
21 29 30] 1 771
21 28 43] 1 863
21 28 40] 1 776
21 28 39] 1 863
21 28 38] 1 814
21 28 37] 1 898
21 28 30] 1 814
21 27 38] 1 907
21 27 36] 1 815
21 27 34] 1 741
21 27 29] 1 907
21 26 45] 1 729
21 26 42] 1 876
21 26 40] 1 796
21 26 34] 1 876
21 26 27] 1 815
21 25 45] 1 811
21 25 42] 1 870
21 25 40] 1 870
21 25 32] 1 870
21 25 31] 1 870
21 25 30] 1 870
21 25 27] 1 815
21 25 26] 1 815
21 24 43] 1 808
21 24 42] 1 876
21 24 41] 1 808
21 24 34] 1 876
21 24 32] 1 808
21 24 31] 1 808
21 24 26] 1 876
21 24 25] 1 861
21 23 44] 1 908
21 23 34] 1 901
21 22 45] 1 903
21 22 44] 1 908
21 22 42] 1 820
21 22 38] 1 912
21 22 36] 1 916
21 22 32] 1 916
21 22 28] 1 903
21 22 25] 1 861
21 22 24] 1 861
21 22 23] 1 908
20 40 43] 1 752
20 38 45] 1 782
20 38 40] 1 905
20 37 38] 1 806
20 36 43] 1 854
20 36 39] 1 850
20 36 38] 1 838
20 34 45] 1 782
20 34 42] 1 767
20 34 38] 1 782
20 33 43] 1 752
20 33 40] 1 752
20 33 39] 1 899
20 33 38] 1 838
20 33 37] 1 899
20 33 36] 1 838
20 32 43] 1 854
20 32 36] 1 854
20 31 45] 1 782
20 31 43] 1 854
20 31 42] 1 767
20 31 37] 1 806
20 31 36] 1 854
20 30 38] 1 786
20 30 34] 1 901
20 28 44] 1 751
20 28 40] 1 776
20 28 39] 1 850
20 28 36] 1 850
20 28 32] 1 906
20 28 31] 1 906
20 27 40] 1 905
20 27 39] 1 869
20 27 36] 1 822
20 27 32] 1 881
20 27 31] 1 806
20 26 32] 1 881
20 26 27] 1 881
20 25 43] 1 854
20 25 36] 1 854
20 25 32] 1 854
20 24 39] 1 850
20 24 38] 1 786
20 24 30] 1 786
20 24 28] 1 850
20 24 27] 1 822
20 23 38] 1 806
20 23 37] 1 806
20 23 34] 1 901
20 23 31] 1 806
20 23 30] 1 901
20 23 27] 1 806
20 22 42] 1 767
20 22 34] 1 767
20 22 31] 1 767
20 21 40] 1 776
20 21 39] 1 899
20 21 37] 1 899
20 21 34] 1 901
20 21 33] 1 899
20 21 30] 1 901
20 21 28] 1 776
20 21 23] 1 901
19 43 45] 1 894
19 43 44] 1 855
19 42 45] 1 886
19 42 44] 1 914
19 41 45] 1 894
19 41 44] 1 743
19 41 43] 1 894
19 41 42] 1 833
19 40 45] 1 894
19 39 44] 1 875
19 39 43] 1 781
19 39 42] 1 833
19 37 43] 1 894
19 37 42] 1 886
19 37 40] 1 894
19 37 39] 1 899
19 36 45] 1 811
19 36 44] 1 875
19 35 44] 1 773
19 35 39] 1 788
19 34 42] 1 843
19 34 39] 1 875
19 34 36] 1 875
19 33 44] 1 914
19 33 39] 1 899
19 33 37] 1 899
19 33 34] 1 843
19 32 45] 1 894
19 32 43] 1 894
19 32 42] 1 874
19 32 41] 1 894
19 32 40] 1 894
19 32 37] 1 894
19 31 44] 1 773
19 31 41] 1 891
19 31 35] 1 773
19 30 44] 1 875
19 30 43] 1 832
19 30 40] 1 832
19 30 38] 1 794
19 30 33] 1 843
19 29 36] 1 792
19 29 35] 1 788
19 29 31] 1 816
19 28 45] 1 886
19 28 41] 1 891
19 28 39] 1 891
19 28 37] 1 886
19 28 32] 1 874
19 28 31] 1 891
19 27 45] 1 780
19 27 44] 1 914
19 27 42] 1 914
19 27 41] 1 790
19 27 33] 1 914
19 27 30] 1 790
19 26 43] 1 832
19 26 40] 1 832
19 26 30] 1 832
19 26 28] 1 836
19 25 45] 1 811
19 25 29] 1 792
19 24 45] 1 880
19 24 44] 1 914
19 24 43] 1 781
19 24 42] 1 914
19 24 40] 1 867
19 24 38] 1 880
19 24 37] 1 753
19 24 34] 1 779
19 24 33] 1 914
19 24 30] 1 902
19 24 27] 1 914
19 24 25] 1 861
19 23 39] 1 902
19 23 38] 1 880
19 23 37] 1 886
19 23 36] 1 902
19 23 32] 1 874
19 23 30] 1 902
19 22 44] 1 875
19 22 41] 1 867
19 22 40] 1 867
19 22 39] 1 875
19 22 36] 1 875
19 22 34] 1 875
19 22 30] 1 875
19 22 25] 1 861
19 21 42] 1 843
19 21 41] 1 743
19 21 39] 1 899
19 21 37] 1 899
19 21 36] 1 811
19 21 35] 1 773
19 21 31] 1 773
19 21 30] 1 843
19 21 27] 1 780
19 21 24] 1 861
19 21 22] 1 861
19 20 39] 1 899
19 20 37] 1 899
19 20 33] 1 899
19 20 21] 1 899
18 44 45] 1 882
18 43 44] 1 882
18 42 44] 1 919
18 42 43] 1 834
18 41 42] 1 833
18 40 44] 1 851
18 39 45] 1 882
18 39 44] 1 882
18 39 42] 1 833
18 39 41] 1 833
18 39 40] 1 823
18 38 41] 1 734
18 37 45] 1 734
18 37 44] 1 883
18 37 42] 1 898
18 37 41] 1 734
18 36 42] 1 892
18 36 41] 1 923
18 35 44] 1 919
18 35 43] 1 834
18 35 38] 1 900
18 35 37] 1 898
18 34 44] 1 882
18 34 42] 1 774
18 34 41] 1 744
18 34 39] 1 882
18 34 38] 1 782
18 34 37] 1 777
18 34 35] 1 807
18 33 45] 1 844
18 33 44] 1 883
18 33 37] 1 883
18 33 35] 1 807
18 33 34] 1 807
18 32 44] 1 883
18 32 37] 1 883
18 32 33] 1 883
18 31 45] 1 782
18 31 44] 1 851
18 31 42] 1 805
18 31 40] 1 851
18 31 38] 1 782
18 31 34] 1 782
18 31 32] 1 805
18 30 45] 1 846
18 30 43] 1 846
18 30 42] 1 833
18 30 39] 1 833
18 30 38] 1 794
18 30 34] 1 901
18 29 37] 1 890
18 29 30] 1 771
18 28 40] 1 776
18 28 37] 1 898
18 28 35] 1 898
18 28 34] 1 774
18 27 41] 1 737
18 27 36] 1 822
18 27 28] 1 756
18 26 44] 1 851
18 26 42] 1 892
18 26 41] 1 923
18 26 39] 1 823
18 26 32] 1 881
18 26 31] 1 851
18 26 27] 1 881
18 25 42] 1 860
18 25 35] 1 807
18 25 34] 1 807
18 25 33] 1 807
18 25 32] 1 860
18 25 31] 1 926
18 25 27] 1 860
18 24 43] 1 781
18 24 42] 1 802
18 24 41] 1 737
18 24 40] 1 823
18 24 36] 1 822
18 24 26] 1 823
18 23 45] 1 882
18 23 44] 1 882
18 23 41] 1 923
18 23 39] 1 882
18 23 36] 1 923
18 23 30] 1 901
18 23 26] 1 923
18 22 43] 1 877
18 22 40] 1 851
18 22 39] 1 730
18 22 38] 1 912
18 22 37] 1 883
18 22 33] 1 883
18 22 32] 1 883
18 22 31] 1 851
18 22 26] 1 851
18 22 23] 1 877
18 21 43] 1 744
18 21 42] 1 898
18 21 41] 1 744
18 21 40] 1 776
18 21 38] 1 912
18 21 35] 1 898
18 21 29] 1 771
18 21 27] 1 736
18 21 23] 1 901
18 21 22] 1 912
18 20 45] 1 782
18 20 40] 1 776
18 20 38] 1 782
18 20 36] 1 822
18 20 32] 1 881
18 20 30] 1 901
18 20 28] 1 776
18 20 26] 1 881
18 20 25] 1 926
18 20 24] 1 822
18 20 23] 1 901
18 19 43] 1 781
18 19 42] 1 833
18 19 41] 1 833
18 19 38] 1 794
18 19 31] 1 816
18 19 29] 1 816
18 19 24] 1 781
17 42 45] 1 799
17 42 44] 1 919
17 40 44] 1 856
17 40 43] 1 856
17 39 40] 1 809
17 38 42] 1 775
17 37 45] 1 884
17 37 44] 1 801
17 37 43] 1 801
17 37 42] 1 898
17 37 41] 1 753
17 37 38] 1 830
17 36 43] 1 922
17 36 42] 1 892
17 36 41] 1 923
17 35 44] 1 919
17 35 39] 1 910
17 35 37] 1 898
17 35 36] 1 916
17 34 45] 1 799
17 34 42] 1 799
17 34 39] 1 849
17 34 37] 1 777
17 33 45] 1 799
17 33 44] 1 757
17 33 36] 1 838
17 33 35] 1 852
17 33 34] 1 799
17 32 43] 1 732
17 32 36] 1 916
17 32 35] 1 916
17 31 39] 1 910
17 31 35] 1 910
17 31 32] 1 754
17 30 35] 1 852
17 30 33] 1 852
17 29 42] 1 775
17 29 39] 1 849
17 29 38] 1 775
17 29 34] 1 849
17 29 33] 1 775
17 29 32] 1 754
17 29 31] 1 754
17 29 30] 1 771
17 28 45] 1 884
17 28 42] 1 898
17 28 41] 1 868
17 28 33] 1 852
17 28 30] 1 852
17 27 39] 1 910
17 27 35] 1 910
17 27 32] 1 732
17 27 31] 1 910
17 26 45] 1 729
17 26 42] 1 892
17 26 41] 1 923
17 26 27] 1 815
17 25 37] 1 801
17 25 36] 1 815
17 25 27] 1 815
17 25 26] 1 815
17 24 45] 1 880
17 24 44] 1 856
17 24 43] 1 856
17 24 38] 1 880
17 24 37] 1 753
17 24 32] 1 754
17 24 31] 1 754
17 24 29] 1 754
17 24 25] 1 861
17 23 43] 1 877
17 23 42] 1 799
17 23 40] 1 809
17 23 39] 1 809
17 23 38] 1 880
17 23 37] 1 884
17 23 36] 1 923
17 23 34] 1 799
17 23 33] 1 799
17 23 26] 1 923
17 23 25] 1 893
17 23 24] 1 880
17 22 43] 1 877
17 22 41] 1 867
17 22 40] 1 867
17 22 36] 1 916
17 22 35] 1 916
17 22 32] 1 916
17 22 25] 1 861
17 22 23] 1 877
17 21 42] 1 898
17 21 34] 1 777
17 21 32] 1 916
17 21 30] 1 771
17 21 29] 1 771
17 21 28] 1 898
17 21 24] 1 861
17 20 44] 1 751
17 20 38] 1 838
17 20 36] 1 838
17 20 33] 1 838
17 20 28] 1 751
17 19 44] 1 855
17 19 43] 1 855
17 19 40] 1 867
17 19 38] 1 880
17 19 37] 1 753
17 19 31] 1 740
17 19 27] 1 780
17 19 25] 1 861
17 19 23] 1 880
17 18 44] 1 919
17 18 43] 1 877
17 18 41] 1 923
17 18 38] 1 830
17 18 34] 1 777
17 18 30] 1 771
17 18 29] 1 771
17 18 28] 1 898
17 18 27] 1 736
17 18 22] 1 877
16 44 45] 1 741
16 42 44] 1 914
16 40 43] 1 752
16 39 41] 1 895
16 38 43] 1 857
16 37 45] 1 734
16 37 41] 1 734
16 37 40] 1 913
16 36 42] 1 826
16 36 39] 1 850
16 36 38] 1 783
16 35 43] 1 863
16 35 39] 1 863
16 35 38] 1 900
16 34 45] 1 741
16 34 44] 1 741
16 34 42] 1 876
16 34 39] 1 848
16 33 44] 1 914
16 33 43] 1 752
16 33 38] 1 819
16 33 36] 1 826
16 32 43] 1 763
16 32 34] 1 763
16 31 41] 1 895
16 31 38] 1 895
16 30 44] 1 908
16 30 42] 1 847
16 30 38] 1 786
16 29 45] 1 845
16 29 44] 1 821
16 29 40] 1 845
16 29 36] 1 792
16 29 33] 1 845
16 28 45] 1 903
16 28 44] 1 751
16 28 42] 1 847
16 28 38] 1 857
16 28 36] 1 850
16 28 35] 1 863
16 28 34] 1 857
16 28 30] 1 847
16 27 42] 1 914
16 27 38] 1 905
16 27 37] 1 913
16 27 34] 1 741
16 27 33] 1 914
16 26 45] 1 729
16 26 39] 1 895
16 26 38] 1 895
16 26 36] 1 729
16 26 34] 1 876
16 26 31] 1 895
16 26 30] 1 847
16 26 28] 1 847
16 25 45] 1 819
16 25 42] 1 826
16 25 40] 1 819
16 25 38] 1 819
16 25 29] 1 792
16 24 43] 1 781
16 24 38] 1 786
16 24 34] 1 876
16 24 30] 1 786
16 24 29] 1 821
16 24 28] 1 850
16 24 27] 1 914
16 24 26] 1 876
16 24 25] 1 826
16 23 44] 1 908
16 23 41] 1 895
16 23 39] 1 895
16 23 38] 1 895
16 23 31] 1 895
16 23 30] 1 908
16 23 26] 1 895
16 22 45] 1 903
16 22 44] 1 908
16 22 42] 1 847
16 22 39] 1 848
16 22 38] 1 848
16 22 34] 1 848
16 22 26] 1 847
16 22 23] 1 908
16 21 43] 1 863
16 21 42] 1 876
16 21 41] 1 762
16 21 40] 1 913
16 21 39] 1 863
16 21 37] 1 913
16 21 36] 1 729
16 21 35] 1 863
16 21 30] 1 908
16 21 24] 1 876
16 21 23] 1 908
16 20 44] 1 751
16 20 43] 1 752
16 20 39] 1 850
16 20 36] 1 850
16 20 33] 1 752
16 20 31] 1 926
16 20 30] 1 786
16 20 27] 1 905
16 20 25] 1 926
16 19 45] 1 780
16 19 44] 1 914
16 19 43] 1 781
16 19 42] 1 914
16 19 36] 1 792
16 19 33] 1 914
16 19 29] 1 792
16 19 25] 1 792
16 19 21] 1 780
16 18 45] 1 734
16 18 43] 1 781
16 18 41] 1 734
16 18 39] 1 781
16 18 35] 1 900
16 18 31] 1 926
16 18 28] 1 756
16 18 27] 1 756
16 18 25] 1 926
16 18 24] 1 781
16 18 20] 1 926
16 18 19] 1 781
16 17 44] 1 751
16 17 37] 1 830
16 17 31] 1 740
16 17 28] 1 751
16 17 27] 1 780
16 17 26] 1 729
16 17 20] 1 751
16 17 18] 1 830
15 43 44] 1 855
15 41 44] 1 743
15 40 45] 1 819
15 38 42] 1 825
15 38 41] 1 927 [+] 
15 38 40] 1 819
15 37 39] 1 866
15 36 45] 1 783
15 36 38] 1 783
15 35 43] 1 793
15 35 38] 1 793
15 34 44] 1 743
15 34 43] 1 744
15 34 39] 1 866
15 34 37] 1 866
15 34 36] 1 764
15 33 42] 1 825
15 32 45] 1 865
15 32 43] 1 808
15 32 42] 1 874
15 32 41] 1 808
15 32 33] 1 865
15 31 41] 1 808
15 31 36] 1 764
15 31 35] 1 793
15 31 33] 1 825
15 31 32] 1 808
15 30 38] 1 786
15 29 39] 1 866
15 29 37] 1 866
15 29 34] 1 866
15 29 30] 1 818
15 28 45] 1 903
15 28 34] 1 774
15 28 32] 1 874
15 28 30] 1 818
15 28 29] 1 818
15 27 45] 1 780
15 27 41] 1 737
15 26 43] 1 927 [+] 
15 26 41] 1 927 [+] 
15 26 39] 1 823
15 26 38] 1 927 [+] 
15 26 33] 1 785
15 25 45] 1 819
15 25 41] 1 893
15 25 38] 1 819
15 25 30] 1 818
15 25 29] 1 818
15 25 28] 1 818
15 25 26] 1 785
15 24 43] 1 808
15 24 40] 1 823
15 24 39] 1 823
15 24 38] 1 786
15 24 34] 1 764
15 24 32] 1 808
15 24 30] 1 786
15 24 27] 1 737
15 24 26] 1 823
15 23 42] 1 874
15 23 41] 1 893
15 23 40] 1 809
15 23 39] 1 809
15 23 32] 1 874
15 23 28] 1 874
15 23 25] 1 893
15 22 43] 1 927 [+] 
15 22 42] 1 767
15 22 41] 1 927 [+] 
15 22 39] 1 730
15 22 38] 1 927 [+] 
15 22 36] 1 764
15 22 33] 1 865
15 22 32] 1 865
15 22 28] 1 903
15 22 26] 1 927 [+] 
15 22 24] 1 764
15 21 44] 1 743
15 21 42] 1 825
15 21 35] 1 793
15 21 33] 1 825
15 21 32] 1 808
15 21 28] 1 903
15 21 27] 1 780
15 21 24] 1 808
15 21 22] 1 903
15 20 42] 1 767
15 20 38] 1 786
15 20 35] 1 879
15 20 34] 1 767
15 20 31] 1 767
15 20 30] 1 786
15 20 24] 1 786
15 20 22] 1 767
15 19 45] 1 780
15 19 43] 1 855
15 19 42] 1 874
15 19 41] 1 743
15 19 36] 1 750
15 19 34] 1 743
15 19 32] 1 874
15 19 28] 1 874
15 19 27] 1 780
15 19 24] 1 750
15 19 23] 1 874
15 18 45] 1 844
15 18 43] 1 744
15 18 42] 1 774
15 18 40] 1 823
15 18 33] 1 844
15 18 28] 1 774
15 18 27] 1 737
15 18 26] 1 823
15 18 22] 1 730
15 18 21] 1 744
15 17 44] 1 855
15 17 43] 1 855
15 17 41] 1 893
15 17 40] 1 809
15 17 39] 1 809
15 17 38] 1 783
15 17 36] 1 783
15 17 27] 1 780
15 17 25] 1 893
15 17 21] 1 780
15 16 40] 1 819
15 16 36] 1 783
15 16 33] 1 819
15 16 30] 1 786
15 16 28] 1 903
15 16 27] 1 780
15 16 25] 1 819
15 16 24] 1 786
15 16 22] 1 903
15 16 20] 1 786
15 16 19] 1 780
14 42 44] 1 919
14 41 45] 1 749
14 40 44] 1 851
14 40 43] 1 832
14 40 41] 1 867
14 39 42] 1 842
14 38 45] 1 783
14 38 42] 1 842
14 38 39] 1 842
14 37 45] 1 884
14 37 40] 1 913
14 37 38] 1 806
14 36 42] 1 842
14 36 41] 1 798
14 36 39] 1 842
14 36 37] 1 755
14 35 44] 1 919
14 35 38] 1 900
14 34 45] 1 749
14 34 41] 1 749
14 33 44] 1 827
14 33 36] 1 838
14 32 39] 1 842
14 32 38] 1 842
14 32 35] 1 911
14 31 44] 1 851
14 31 40] 1 851
14 31 38] 1 806
14 31 37] 1 806
14 31 32] 1 906
14 30 40] 1 832
14 30 38] 1 841
14 30 37] 1 755
14 30 36] 1 755
14 30 33] 1 841
14 29 44] 1 827
14 29 37] 1 890
14 29 33] 1 827
14 29 30] 1 818
14 28 45] 1 884
14 28 36] 1 755
14 28 32] 1 906
14 28 31] 1 906
14 28 29] 1 818
14 27 45] 1 887
14 27 40] 1 913
14 27 38] 1 806
14 27 36] 1 887
14 27 31] 1 806
14 27 28] 1 756
14 26 45] 1 749
14 26 44] 1 851
14 26 42] 1 842
14 26 41] 1 749
14 26 39] 1 842
14 26 38] 1 842
14 26 37] 1 755
14 26 34] 1 749
14 26 32] 1 842
14 26 31] 1 851
14 25 30] 1 818
14 25 29] 1 818
14 25 28] 1 818
14 24 45] 1 749
14 24 40] 1 867
14 24 38] 1 841
14 24 34] 1 749
14 24 33] 1 841
14 24 30] 1 841
14 24 26] 1 749
14 23 45] 1 884
14 23 38] 1 806
14 23 31] 1 806
14 23 27] 1 806
14 22 44] 1 851
14 22 39] 1 730
14 22 37] 1 915
14 22 36] 1 798
14 22 32] 1 798
14 22 31] 1 851
14 22 26] 1 851
14 22 24] 1 867
14 21 41] 1 772
14 21 40] 1 913
14 21 37] 1 913
14 21 32] 1 772
14 21 27] 1 913
14 20 37] 1 806
14 20 36] 1 838
14 20 35] 1 879
14 20 33] 1 838
14 20 32] 1 906
14 20 28] 1 906
14 20 27] 1 806
14 20 23] 1 806
14 19 43] 1 832
14 19 41] 1 867
14 19 30] 1 832
14 19 28] 1 836
14 19 24] 1 867
14 19 22] 1 867
14 18 42] 1 919
14 18 40] 1 851
14 18 39] 1 730
14 18 38] 1 900
14 18 37] 1 890
14 18 31] 1 851
14 18 29] 1 890
14 18 28] 1 756
14 18 27] 1 756
14 18 26] 1 851
14 17 44] 1 919
14 17 42] 1 919
14 17 41] 1 867
14 17 40] 1 867
14 17 37] 1 884
14 17 35] 1 919
14 17 33] 1 838
14 17 27] 1 887
14 17 24] 1 867
14 17 22] 1 867
14 17 20] 1 838
14 17 19] 1 867
14 17 18] 1 919
14 16 45] 1 783
14 16 43] 1 812
14 16 40] 1 913
14 16 37] 1 913
14 16 36] 1 783
14 16 35] 1 900
14 16 28] 1 756
14 16 21] 1 913
14 16 17] 1 783
14 15 45] 1 783
14 15 39] 1 730
14 15 38] 1 783
14 15 36] 1 783
14 15 35] 1 879
14 15 30] 1 818
14 15 29] 1 818
14 15 28] 1 818
14 15 25] 1 818
14 15 22] 1 730
14 15 20] 1 879
14 15 18] 1 730
14 15 17] 1 783
14 15 16] 1 783
13 43 45] 1 846
13 43 44] 1 924
13 42 45] 1 731
13 42 44] 1 924
13 42 43] 1 924
13 41 45] 1 846
13 41 43] 1 846
13 40 43] 1 832
13 39 45] 1 731
13 39 41] 1 891
13 38 45] 1 835
13 38 43] 1 858
13 38 42] 1 889
13 37 41] 1 735
13 37 40] 1 742
13 36 43] 1 922
13 36 42] 1 826
13 36 40] 1 742
13 36 38] 1 795
13 35 45] 1 835
13 35 40] 1 733
13 34 44] 1 924
13 34 38] 1 795
13 34 36] 1 795
13 33 45] 1 844
13 33 42] 1 826
13 33 40] 1 733
13 33 39] 1 873
13 33 38] 1 873
13 33 36] 1 826
13 33 35] 1 733
13 32 43] 1 858
13 32 40] 1 733
13 32 38] 1 858
13 32 35] 1 733
13 32 34] 1 925
13 32 33] 1 733
13 31 42] 1 805
13 31 41] 1 891
13 30 45] 1 846
13 30 41] 1 846
13 30 40] 1 832
13 30 38] 1 794
13 30 37] 1 755
13 30 36] 1 755
13 29 44] 1 821
13 29 42] 1 889
13 29 38] 1 889
13 29 34] 1 849
13 29 32] 1 748
13 28 45] 1 835
13 28 41] 1 891
13 28 39] 1 891
13 28 38] 1 835
13 28 37] 1 755
13 28 36] 1 755
13 28 35] 1 835
13 28 31] 1 891
13 28 30] 1 755
13 27 44] 1 853
13 27 43] 1 922
13 27 37] 1 735
13 27 36] 1 922
13 27 28] 1 787
13 26 44] 1 853
13 26 43] 1 832
13 26 42] 1 889
13 26 40] 1 832
13 26 39] 1 889
13 26 37] 1 755
13 26 34] 1 795
13 26 32] 1 804
13 26 29] 1 889
13 26 28] 1 755
13 26 27] 1 853
13 25 45] 1 731
13 25 43] 1 817
13 25 39] 1 731
13 25 34] 1 817
13 25 33] 1 826
13 25 32] 1 864
13 24 44] 1 821
13 24 41] 1 737
13 24 40] 1 733
13 24 39] 1 925
13 24 36] 1 826
13 24 35] 1 733
13 24 34] 1 925
13 24 29] 1 821
13 24 27] 1 737
13 24 25] 1 826
13 23 44] 1 853
13 23 43] 1 858
13 23 39] 1 858
13 23 38] 1 858
13 23 32] 1 858
13 23 27] 1 853
13 23 26] 1 853
13 22 37] 1 915
13 22 32] 1 748
13 22 31] 1 748
13 22 29] 1 748
13 21 43] 1 810
13 21 39] 1 810
13 19 43] 1 832
13 19 41] 1 891
13 19 40] 1 832
13 19 39] 1 891
13 19 38] 1 794
13 19 35] 1 839
13 19 31] 1 891
13 19 28] 1 891
13 19 26] 1 832
13 18 43] 1 846
13 18 42] 1 805
13 18 39] 1 828
13 18 35] 1 900
13 18 33] 1 844
13 18 32] 1 805
13 18 29] 1 828
13 18 27] 1 737
13 18 24] 1 737
13 18 19] 1 794
13 17 43] 1 922
13 17 39] 1 849
13 17 36] 1 922
13 17 34] 1 849
13 17 29] 1 849
13 17 27] 1 922
13 16 44] 1 821
13 16 42] 1 826
13 16 38] 1 900
13 16 36] 1 826
13 16 35] 1 900
13 16 33] 1 826
13 16 29] 1 821
13 16 28] 1 787
13 16 27] 1 787
13 16 25] 1 826
13 16 18] 1 900
13 15 45] 1 844
13 15 41] 1 737
13 15 33] 1 844
13 15 27] 1 737
13 15 24] 1 737
13 14 43] 1 832
13 14 40] 1 832
13 14 38] 1 900
13 14 36] 1 755
13 14 35] 1 900
13 14 28] 1 755
13 14 22] 1 915
13 14 19] 1 832
13 14 18] 1 900
13 14 16] 1 900
12 43 44] 1 868
12 41 45] 1 749
12 41 44] 1 868
12 41 43] 1 868
12 41 42] 1 833
12 39 42] 1 833
12 39 41] 1 833
12 39 40] 1 823
12 38 42] 1 775
12 38 39] 1 873
12 37 39] 1 866
12 36 45] 1 746
12 36 42] 1 746
12 35 44] 1 773
12 35 43] 1 863
12 35 42] 1 911
12 35 39] 1 863
12 33 44] 1 827
12 33 43] 1 765
12 33 39] 1 873
12 33 36] 1 746
12 33 34] 1 799
12 32 38] 1 888
12 32 35] 1 911
12 32 34] 1 888
12 32 33] 1 791
12 31 44] 1 773
12 31 43] 1 760
12 31 39] 1 816
12 31 35] 1 773
12 31 34] 1 888
12 30 43] 1 758
12 30 34] 1 871
12 29 42] 1 775
12 29 38] 1 775
12 29 37] 1 866
12 29 36] 1 897
12 29 34] 1 866
12 29 31] 1 816
12 28 45] 1 800
12 28 44] 1 868
12 28 39] 1 863
12 28 35] 1 863
12 28 34] 1 774
12 28 30] 1 847
12 27 43] 1 760
12 27 41] 1 790
12 27 36] 1 822
12 27 31] 1 760
12 27 30] 1 790
12 26 42] 1 847
12 26 40] 1 823
12 26 39] 1 823
12 26 36] 1 897
12 26 29] 1 897
12 25 44] 1 868
12 25 42] 1 746
12 25 41] 1 868
12 25 38] 1 896
12 25 36] 1 746
12 25 34] 1 817
12 25 33] 1 746
12 25 28] 1 868
12 25 26] 1 896
12 24 45] 1 749
12 24 44] 1 821
12 24 43] 1 758
12 24 42] 1 802
12 24 40] 1 823
12 24 38] 1 786
12 24 29] 1 821
12 23 42] 1 799
12 23 39] 1 770
12 23 38] 1 896
12 23 33] 1 799
12 23 28] 1 747
12 23 26] 1 896
12 23 25] 1 896
12 22 41] 1 921
12 22 36] 1 897
12 22 31] 1 760
12 22 30] 1 847
12 22 29] 1 897
12 22 27] 1 760
12 22 23] 1 877
12 21 44] 1 773
12 21 43] 1 863
12 21 41] 1 762
12 21 39] 1 863
12 21 37] 1 777
12 21 34] 1 777
12 21 31] 1 773
12 21 28] 1 863
12 21 26] 1 762
12 20 38] 1 786
12 20 36] 1 822
12 20 30] 1 786
12 20 27] 1 822
12 19 45] 1 789
12 19 44] 1 773
12 19 42] 1 833
12 19 38] 1 789
12 19 36] 1 750
12 19 34] 1 779
12 19 29] 1 816
12 19 27] 1 790
12 19 21] 1 773
12 18 43] 1 877
12 18 41] 1 833
12 18 40] 1 823
12 18 37] 1 777
12 18 36] 1 822
12 18 32] 1 805
12 18 30] 1 833
12 18 29] 1 816
12 18 28] 1 774
12 18 26] 1 823
12 18 23] 1 877
12 18 22] 1 877
12 18 21] 1 777
12 18 20] 1 822
12 17 45] 1 799
12 17 44] 1 868
12 17 41] 1 868
12 17 38] 1 775
12 17 37] 1 777
12 17 29] 1 775
12 17 25] 1 868
12 17 22] 1 877
12 17 21] 1 777
12 16 44] 1 821
12 16 42] 1 847
12 16 41] 1 762
12 16 39] 1 863
12 16 38] 1 786
12 16 35] 1 863
12 16 29] 1 821
12 16 22] 1 847
12 16 20] 1 786
12 15 42] 1 774
12 15 40] 1 823
12 15 38] 1 786
12 15 37] 1 866
12 15 36] 1 750
12 15 30] 1 786
12 15 29] 1 866
12 15 28] 1 774
12 15 26] 1 823
12 15 20] 1 786
12 15 19] 1 750
12 15 16] 1 786
12 14 45] 1 749
12 14 44] 1 827
12 14 43] 1 812
12 14 42] 1 911
12 14 41] 1 749
12 14 35] 1 911
12 14 34] 1 749
12 14 33] 1 827
12 14 32] 1 911
12 14 29] 1 827
12 14 28] 1 747
12 14 26] 1 749
12 14 24] 1 749
12 14 23] 1 747
12 14 17] 1 747
12 14 16] 1 812
12 13 44] 1 821
12 13 43] 1 817
12 13 42] 1 805
12 13 39] 1 873
12 13 38] 1 873
12 13 35] 1 839
12 13 34] 1 817
12 13 33] 1 873
12 13 32] 1 805
12 13 31] 1 805
12 13 29] 1 821
12 13 25] 1 817
12 13 24] 1 821
12 13 19] 1 839
12 13 18] 1 805
12 13 16] 1 821
11 43 45] 1 904
11 43 44] 1 924
11 42 45] 1 761
11 42 43] 1 924
11 41 45] 1 769
11 39 40] 1 809
11 38 42] 1 775
11 37 41] 1 778
11 36 41] 1 778
11 36 37] 1 778
11 35 44] 1 813
11 35 42] 1 813
11 35 41] 1 778
11 35 40] 1 733
11 35 37] 1 778
11 35 36] 1 778
11 34 43] 1 924
11 34 35] 1 813
11 33 42] 1 775
11 33 40] 1 733
11 32 41] 1 772
11 32 40] 1 733
11 32 35] 1 733
11 32 33] 1 733
11 31 39] 1 910
11 31 38] 1 918
11 31 35] 1 910
11 31 33] 1 918
11 30 45] 1 761
11 30 44] 1 813
11 30 38] 1 841
11 30 34] 1 813
11 29 44] 1 827
11 29 43] 1 840
11 29 42] 1 775
11 29 39] 1 788
11 29 38] 1 775
11 29 35] 1 788
11 28 43] 1 840
11 28 35] 1 852
11 28 33] 1 852
11 28 30] 1 852
11 28 29] 1 840
11 27 44] 1 813
11 27 43] 1 840
11 27 41] 1 737
11 27 39] 1 910
11 27 34] 1 813
11 27 31] 1 910
11 27 30] 1 813
11 27 29] 1 840
11 27 28] 1 840
11 26 43] 1 904
11 26 36] 1 729
11 26 28] 1 836
11 25 45] 1 811
11 25 36] 1 811
11 25 31] 1 878
11 24 45] 1 761
11 24 43] 1 781
11 24 41] 1 737
11 24 40] 1 733
11 24 39] 1 781
11 24 38] 1 841
11 24 35] 1 733
11 24 32] 1 733
11 24 25] 1 861
11 23 40] 1 809
11 23 39] 1 809
11 22 37] 1 915
11 22 25] 1 861
11 22 24] 1 861
11 21 43] 1 810
11 21 39] 1 810
11 21 37] 1 778
11 21 35] 1 778
11 21 32] 1 772
11 21 27] 1 736
11 21 26] 1 729
11 21 24] 1 861
11 21 22] 1 861
11 19 45] 1 811
11 19 43] 1 781
11 19 36] 1 811
11 19 29] 1 788
11 19 28] 1 836
11 19 26] 1 836
11 19 22] 1 861
11 18 43] 1 781
11 18 42] 1 802
11 18 41] 1 737
11 18 39] 1 781
11 18 21] 1 736
11 18 19] 1 781
11 17 45] 1 729
11 17 44] 1 757
11 17 42] 1 775
11 17 40] 1 809
11 17 38] 1 775
11 17 36] 1 729
11 17 31] 1 910
11 17 30] 1 852
11 17 29] 1 775
11 17 28] 1 852
11 17 26] 1 729
11 17 25] 1 861
11 17 24] 1 861
11 17 23] 1 809
11 17 22] 1 861
11 17 19] 1 861
11 17 18] 1 736
11 16 43] 1 781
11 16 41] 1 769
11 16 39] 1 781
11 16 36] 1 729
11 16 31] 1 878
11 16 26] 1 729
11 16 25] 1 878
11 16 24] 1 781
11 16 21] 1 729
11 16 19] 1 781
11 16 18] 1 781
11 16 17] 1 729
11 15 41] 1 737
11 15 40] 1 809
11 15 39] 1 809
11 15 27] 1 737
11 15 24] 1 737
11 15 23] 1 809
11 15 18] 1 737
11 15 17] 1 809
11 14 44] 1 827
11 14 41] 1 772
11 14 38] 1 841
11 14 37] 1 915
11 14 32] 1 772
11 14 30] 1 841
11 14 29] 1 827
11 14 28] 1 836
11 14 26] 1 836
11 14 24] 1 841
11 14 22] 1 915
11 14 21] 1 772
11 14 19] 1 836
11 13 44] 1 924
11 13 42] 1 924
11 13 41] 1 737
11 13 40] 1 733
11 13 39] 1 810
11 13 37] 1 915
11 13 34] 1 924
11 13 33] 1 733
11 13 32] 1 733
11 13 27] 1 737
11 13 22] 1 915
11 13 21] 1 810
11 13 19] 1 839
11 13 18] 1 737
11 13 15] 1 737
11 13 14] 1 915
11 12 44] 1 827
11 12 35] 1 839
11 12 31] 1 918
11 12 27] 1 802
11 12 24] 1 802
11 12 19] 1 839
11 12 18] 1 802
11 12 17] 1 775
11 12 14] 1 827
11 12 13] 1 839
10 43 44] 1 856
10 40 44] 1 856
10 40 42] 1 862
10 40 41] 1 856
10 39 43] 1 810
10 38 45] 1 835
10 38 42] 1 862
10 38 40] 1 862
10 37 41] 1 735
10 37 40] 1 742
10 36 45] 1 887
10 36 41] 1 798
10 36 40] 1 742
10 36 38] 1 795
10 35 45] 1 835
10 35 43] 1 793
10 35 42] 1 820
10 35 39] 1 788
10 34 44] 1 743
10 34 42] 1 862
10 34 40] 1 862
10 34 37] 1 728
10 34 35] 1 807
10 33 42] 1 791
10 33 35] 1 807
10 33 34] 1 807
10 32 41] 1 798
10 32 40] 1 862
10 32 38] 1 862
10 32 33] 1 791
10 31 38] 1 793
10 31 35] 1 793
10 31 33] 1 791
10 30 42] 1 820
10 30 37] 1 728
10 30 36] 1 728
10 30 35] 1 820
10 30 34] 1 728
10 29 39] 1 788
10 29 35] 1 788
10 29 32] 1 748
10 29 31] 1 748
10 29 30] 1 771
10 28 43] 1 857
10 28 35] 1 835
10 28 34] 1 857
10 27 45] 1 887
10 27 43] 1 760
10 27 41] 1 735
10 27 37] 1 735
10 27 36] 1 887
10 27 31] 1 760
10 27 28] 1 756
10 26 45] 1 800
10 26 38] 1 795
10 26 34] 1 795
10 26 32] 1 804
10 26 28] 1 800
10 25 41] 1 893
10 25 36] 1 864
10 25 35] 1 807
10 25 34] 1 807
10 25 33] 1 807
10 25 32] 1 864
10 25 31] 1 926
10 24 44] 1 856
10 24 43] 1 856
10 24 42] 1 802
43 44 45] 1 882
10 24 40] 1 856
10 24 39] 1 784
10 24 31] 1 784
10 24 27] 1 802
10 23 41] 1 893
10 23 39] 1 784
10 23 31] 1 784
10 23 25] 1 893
10 23 24] 1 784
10 22 43] 1 760
42 43 44] 1 924
10 22 41] 1 798
40 43 45] 1 894
10 22 38] 1 912
10 22 36] 1 798
10 22 35] 1 820
40 43 44] 1 856
40 41 45] 1 894
10 22 30] 1 820
10 22 29] 1 748
10 22 27] 1 760
10 22 24] 1 784
10 22 23] 1 784
10 21 44] 1 743
40 41 44] 1 856
10 21 42] 1 820
39 44 45] 1 882
10 21 39] 1 810
39 43 45] 1 882
39 43 44] 1 882
39 42 45] 1 731
10 21 31] 1 793
39 41 42] 1 833
10 21 29] 1 771
38 42 45] 1 814
10 20 35] 1 879
10 20 31] 1 926
10 20 25] 1 926
10 19 44] 1 743
10 19 41] 1 743
38 41 45] 1 734
10 19 35] 1 788
10 19 34] 1 743
10 19 31] 1 831
10 19 29] 1 788
10 19 21] 1 743
10 18 43] 1 744
10 18 42] 1 802
10 18 41] 1 744
10 18 39] 1 730
10 18 38] 1 912
10 18 35] 1 807
38 41 43] 1 927 [+] 
10 18 33] 1 807
10 18 31] 1 926
10 18 30] 1 771
10 18 29] 1 771
10 18 28] 1 756
38 40 45] 1 819
38 40 44] 1 907
10 18 24] 1 802
38 40 43] 1 862
38 40 42] 1 862
10 18 20] 1 926
10 17 45] 1 887
10 17 44] 1 856
10 17 43] 1 856
38 39 43] 1 858
10 17 40] 1 856
10 17 36] 1 887
10 17 30] 1 771
10 17 29] 1 771
10 17 27] 1 887
10 17 25] 1 893
10 17 24] 1 856
10 17 23] 1 893
10 17 21] 1 771
10 17 18] 1 771
37 43 45] 1 894
10 16 39] 1 831
10 16 38] 1 857
37 43 44] 1 801
10 16 32] 1 763
37 42 45] 1 886
37 41 43] 1 894
10 16 27] 1 756
10 16 25] 1 926
10 16 20] 1 926
10 16 19] 1 831
37 40 45] 1 894
10 15 44] 1 743
37 40 44] 1 907
37 40 43] 1 894
10 15 39] 1 730
10 15 38] 1 793
37 40 41] 1 894
37 38 45] 1 734
10 15 31] 1 793
10 15 25] 1 893
10 15 23] 1 893
10 15 22] 1 730
37 38 44] 1 907
10 15 20] 1 879
10 15 19] 1 743
37 38 41] 1 734
10 15 17] 1 893
10 14 45] 1 887
10 14 43] 1 812
10 14 41] 1 798
10 14 39] 1 730
37 38 40] 1 907
10 14 35] 1 879
10 14 32] 1 798
10 14 28] 1 756
36 42 45] 1 746
36 40 43] 1 759
10 14 20] 1 879
36 40 42] 1 759
10 14 17] 1 887
36 40 41] 1 796
36 39 45] 1 797
10 13 45] 1 835
10 13 43] 1 810
10 13 41] 1 735
10 13 40] 1 742
10 13 39] 1 810
36 39 44] 1 875
36 39 42] 1 842
36 38 45] 1 783
10 13 35] 1 835
10 13 34] 1 795
36 38 43] 1 738
10 13 31] 1 748
10 13 29] 1 748
10 13 28] 1 835
10 13 27] 1 735
36 38 39] 1 842
10 13 25] 1 864
10 13 22] 1 748
10 13 21] 1 810
10 12 45] 1 800
36 37 41] 1 778
36 37 40] 1 742
10 12 33] 1 791
10 12 32] 1 791
35 43 45] 1 829
10 12 28] 1 800
35 42 43] 1 834
10 12 26] 1 800
10 12 24] 1 802
10 12 23] 1 745
10 12 22] 1 760
10 12 18] 1 802
10 12 16] 1 812
10 12 14] 1 812
10 11 43] 1 810
10 11 42] 1 802
35 39 43] 1 863
10 11 35] 1 788
10 11 29] 1 788
10 11 27] 1 802
10 11 24] 1 802
10 11 21] 1 810
10 11 19] 1 788
10 11 18] 1 802
10 11 13] 1 810
10 11 12] 1 802
 9 42 44] 1 919
 9 42 43] 1 759
 9 40 43] 1 759
 9 40 42] 1 759
35 38 45] 1 835
35 38 43] 1 793
 9 38 45] 1 835
 9 38 43] 1 858
 9 38 39] 1 858
 9 37 44] 1 883
 9 37 39] 1 866
 9 36 43] 1 759
35 38 41] 1 859
 9 36 40] 1 759
 9 36 38] 1 838
 9 35 45] 1 835
 9 35 44] 1 919
 9 35 42] 1 919
 9 35 41] 1 766
 9 35 39] 1 766
 9 35 38] 1 835
35 38 39] 1 859
 9 34 42] 1 774
 9 34 41] 1 766
35 37 42] 1 898
 9 34 38] 1 824
 9 34 37] 1 866
 9 34 35] 1 766
 9 33 44] 1 883
 9 33 43] 1 759
 9 33 42] 1 759
 9 33 40] 1 759
 9 33 38] 1 838
 9 33 37] 1 883
35 37 41] 1 778
 9 33 35] 1 852
 9 32 44] 1 883
35 36 41] 1 778
 9 32 42] 1 759
 9 32 40] 1 759
 9 32 39] 1 858
 9 32 38] 1 858
 9 32 37] 1 883
35 36 37] 1 778
34 43 45] 1 882
 9 31 41] 1 891
34 42 45] 1 799
34 41 45] 1 749
 9 30 41] 1 766
34 41 44] 1 743
34 41 43] 1 744
 9 30 34] 1 766
 9 30 33] 1 852
 9 29 39] 1 866
 9 29 38] 1 824
 9 29 37] 1 866
34 40 43] 1 862
 9 28 45] 1 835
 9 28 42] 1 774
 9 28 41] 1 891
 9 28 40] 1 776
 9 28 39] 1 891
 9 28 38] 1 835
34 40 42] 1 862
 9 28 34] 1 774
 9 28 33] 1 852
 9 28 31] 1 891
 9 28 30] 1 852
 9 27 36] 1 822
 9 27 32] 1 881
 9 27 28] 1 787
 9 26 43] 1 803
 9 26 42] 1 892
 9 26 38] 1 824
34 39 45] 1 882
 9 26 34] 1 824
34 39 42] 1 925
 9 26 30] 1 803
 9 26 29] 1 824
 9 26 28] 1 836
 9 26 27] 1 881
 9 25 43] 1 817
 9 25 34] 1 817
 9 24 43] 1 758
 9 24 39] 1 758
 9 24 38] 1 824
 9 24 36] 1 822
 9 24 34] 1 824
 9 24 30] 1 758
 9 24 29] 1 824
 9 24 27] 1 822
 9 24 26] 1 824
34 39 41] 1 766
34 38 45] 1 782
 9 23 38] 1 858
 9 23 34] 1 770
 9 23 32] 1 858
 9 23 28] 1 747
 9 22 44] 1 883
 9 22 37] 1 883
 9 22 33] 1 883
 9 22 32] 1 883
 9 21 41] 1 766
 9 21 40] 1 776
 9 21 39] 1 766
 9 21 35] 1 766
 9 21 34] 1 766
 9 21 30] 1 766
 9 21 28] 1 776
 9 20 40] 1 776
 9 20 38] 1 838
34 38 42] 1 862
 9 20 33] 1 838
 9 20 32] 1 881
 9 20 28] 1 776
34 38 40] 1 862
 9 20 26] 1 881
 9 20 24] 1 822
 9 20 21] 1 776
 9 19 41] 1 891
34 38 39] 1 848
 9 19 35] 1 839
34 37 39] 1 866
34 36 44] 1 875
 9 19 26] 1 836
34 36 39] 1 875
34 36 38] 1 795
 9 18 40] 1 776
 9 18 37] 1 883
34 36 37] 1 728
 9 18 35] 1 919
 9 18 34] 1 774
 9 18 33] 1 883
34 35 44] 1 813
34 35 42] 1 813
34 35 41] 1 766
34 35 39] 1 766
 9 18 24] 1 822
 9 18 22] 1 883
 9 18 21] 1 776
33 42 44] 1 914
 9 17 44] 1 919
33 40 42] 1 759
 9 17 38] 1 838
33 38 45] 1 819
33 38 40] 1 819
33 38 39] 1 873
 9 17 31] 1 740
 9 17 30] 1 852
33 37 44] 1 883
 9 17 26] 1 892
 9 17 23] 1 747
 9 17 20] 1 838
 9 17 19] 1 740
33 37 39] 1 899
 9 16 39] 1 831
33 36 45] 1 746
 9 16 28] 1 787
 9 16 27] 1 787
33 36 43] 1 759
 9 16 17] 1 740
 9 15 42] 1 774
 9 15 39] 1 866
 9 15 37] 1 866
33 36 40] 1 759
 9 15 29] 1 866
 9 15 28] 1 774
 9 15 18] 1 774
 9 14 44] 1 919
 9 14 43] 1 803
 9 14 42] 1 919
 9 14 38] 1 838
 9 14 36] 1 838
 9 14 35] 1 919
 9 14 33] 1 838
 9 14 30] 1 803
33 36 38] 1 838
33 35 40] 1 733
 9 14 23] 1 747
 9 14 20] 1 838
 9 14 19] 1 836
 9 14 18] 1 919
33 34 45] 1 799
 9 13 45] 1 835
33 34 43] 1 920
 9 13 41] 1 891
32 43 45] 1 894
32 41 45] 1 894
 9 13 36] 1 804
32 40 45] 1 894
 9 13 34] 1 817
32 40 41] 1 894
 9 13 31] 1 891
32 39 45] 1 797
 9 13 27] 1 787
 9 13 26] 1 804
 9 13 25] 1 817
 9 13 23] 1 858
32 39 43] 1 858
 9 13 16] 1 787
32 38 40] 1 862
 9 12 42] 1 774
32 37 45] 1 894
 9 12 37] 1 866
 9 12 36] 1 822
 9 12 35] 1 839
32 37 44] 1 883
 9 12 30] 1 758
 9 12 29] 1 866
32 37 43] 1 894
 9 12 27] 1 822
 9 12 25] 1 817
32 37 41] 1 894
32 37 40] 1 894
 9 12 20] 1 822
 9 12 19] 1 839
32 36 45] 1 797
 9 12 17] 1 747
32 36 41] 1 798
 9 12 14] 1 747
32 36 40] 1 759
32 36 38] 1 842
 9 11 33] 1 852
 9 11 30] 1 852
32 35 42] 1 911
 9 11 26] 1 836
32 35 40] 1 733
 9 11 17] 1 852
 9 11 14] 1 836
 9 11 13] 1 839
 9 11 12] 1 839
 9 10 45] 1 835
 9 10 39] 1 831
 9 10 38] 1 835
 9 10 36] 1 804
 9 10 35] 1 835
 9 10 32] 1 804
 9 10 31] 1 831
 9 10 28] 1 835
 9 10 26] 1 804
 9 10 23] 1 745
 9 10 19] 1 831
 9 10 16] 1 831
32 35 36] 1 916
 9 10 12] 1 745
 8 43 45] 1 904
 8 43 44] 1 855
32 34 40] 1 862
 8 39 41] 1 859
 8 38 42] 1 825
 8 38 41] 1 859
 8 38 39] 1 859
 8 37 40] 1 742
 8 37 39] 1 899
32 34 39] 1 925
 8 36 40] 1 742
 8 36 37] 1 742
 8 35 44] 1 773
 8 35 43] 1 834
 8 35 42] 1 834
 8 35 41] 1 859
 8 35 39] 1 859
 8 35 38] 1 859
 8 34 43] 1 763
 8 33 45] 1 844
 8 33 43] 1 765
32 33 45] 1 865
 8 33 39] 1 899
 8 33 38] 1 825
 8 33 37] 1 899
 8 32 43] 1 763
 8 32 42] 1 860
 8 32 34] 1 763
 8 31 44] 1 773
 8 31 42] 1 825
 8 31 38] 1 825
 8 31 35] 1 773
 8 31 33] 1 825
 8 31 32] 1 754
 8 30 41] 1 790
 8 29 32] 1 754
 8 29 31] 1 754
 8 28 40] 1 776
 8 27 45] 1 887
 8 27 44] 1 853
 8 27 42] 1 860
 8 27 41] 1 790
 8 27 36] 1 887
 8 27 32] 1 860
 8 27 30] 1 790
 8 26 45] 1 904
 8 26 44] 1 853
 8 26 43] 1 904
 8 26 27] 1 853
 8 25 45] 1 811
 8 25 42] 1 860
 8 25 36] 1 811
 8 25 32] 1 860
 8 25 27] 1 860
 8 24 41] 1 859
 8 24 39] 1 859
 8 24 38] 1 859
 8 24 35] 1 859
 8 24 32] 1 754
 8 24 31] 1 754
 8 24 29] 1 754
 8 23 44] 1 853
 8 23 27] 1 853
 8 23 26] 1 853
 8 22 41] 1 859
 8 22 39] 1 859
32 33 44] 1 883
 8 22 35] 1 859
 8 22 24] 1 859
 8 21 45] 1 811
 8 21 44] 1 773
 8 21 42] 1 825
 8 21 40] 1 776
 8 21 39] 1 899
32 33 37] 1 883
 8 21 37] 1 899
 8 21 36] 1 811
 8 21 35] 1 773
32 33 36] 1 759
32 33 35] 1 733
 8 21 28] 1 776
 8 21 25] 1 811
 8 21 22] 1 912
 8 20 40] 1 776
 8 20 39] 1 899
 8 20 37] 1 899
 8 20 33] 1 899
 8 20 28] 1 776
31 43 45] 1 829
 8 19 45] 1 811
31 42 43] 1 760
 8 19 43] 1 855
 8 19 41] 1 790
 8 19 39] 1 899
 8 19 37] 1 899
 8 19 36] 1 811
 8 19 35] 1 773
 8 19 33] 1 899
31 41 43] 1 808
 8 19 30] 1 790
 8 19 27] 1 790
 8 19 25] 1 811
31 40 44] 1 851
 8 19 20] 1 899
 8 18 45] 1 844
 8 18 43] 1 834
31 40 42] 1 870
 8 18 40] 1 776
 8 18 38] 1 912
 8 18 35] 1 834
 8 18 33] 1 844
 8 18 32] 1 860
 8 18 28] 1 776
 8 18 27] 1 860
 8 18 25] 1 860
 8 18 22] 1 912
31 38 45] 1 782
 8 18 20] 1 776
 8 17 45] 1 887
 8 17 44] 1 855
 8 17 43] 1 855
 8 17 36] 1 887
 8 17 32] 1 754
31 38 43] 1 793
 8 17 29] 1 754
 8 17 27] 1 887
 8 17 24] 1 754
31 38 42] 1 825
 8 16 43] 1 763
 8 16 34] 1 763
 8 16 32] 1 763
 8 16 31] 1 740
 8 16 19] 1 740
 8 16 17] 1 740
 8 15 45] 1 844
 8 15 44] 1 855
 8 15 43] 1 855
 8 15 42] 1 825
 8 15 38] 1 825
31 38 41] 1 895
 8 15 31] 1 825
 8 15 21] 1 825
 8 15 19] 1 855
 8 15 18] 1 844
 8 15 17] 1 855
 8 14 45] 1 887
 8 14 36] 1 887
 8 14 27] 1 887
 8 14 17] 1 887
 8 13 45] 1 844
 8 13 44] 1 853
 8 13 40] 1 742
 8 13 37] 1 742
 8 13 36] 1 742
 8 13 33] 1 844
 8 13 27] 1 853
 8 13 26] 1 853
 8 13 23] 1 853
 8 13 18] 1 844
 8 13 15] 1 844
 8 12 44] 1 773
 8 12 43] 1 765
 8 12 42] 1 765
 8 12 41] 1 790
 8 12 35] 1 773
 8 12 33] 1 765
 8 12 31] 1 773
 8 12 30] 1 790
 8 12 27] 1 790
 8 12 21] 1 773
31 38 39] 1 895
31 37 38] 1 806
 8 11 43] 1 904
 8 11 36] 1 811
 8 11 26] 1 904
 8 11 25] 1 811
 8 11 21] 1 811
 8 11 19] 1 811
 8 10 45] 1 887
 8 10 43] 1 763
 8 10 40] 1 742
 8 10 38] 1 912
 8 10 37] 1 742
31 36 45] 1 797
 8 10 34] 1 763
 8 10 32] 1 763
 8 10 27] 1 887
 8 10 22] 1 912
 8 10 21] 1 912
 8 10 18] 1 912
 8 10 17] 1 887
 8 10 16] 1 763
 8 10 14] 1 887
 8 10 13] 1 742
 8  9 40] 1 776
 8  9 31] 1 740
 8  9 28] 1 776
 8  9 21] 1 776
 8  9 20] 1 776
 8  9 19] 1 740
 8  9 18] 1 776
 8  9 17] 1 740
 8  9 16] 1 740
 7 43 44] 1 855
31 36 43] 1 854
 7 41 45] 1 769
 7 40 43] 1 752
 7 39 45] 1 731
 7 39 42] 1 731
31 36 39] 1 797
 7 38 44] 1 768
 7 36 39] 1 902
 7 35 38] 1 900
31 35 45] 1 829
 7 34 36] 1 764
31 35 44] 1 773
 7 33 45] 1 844
 7 33 44] 1 757
 7 33 43] 1 752
 7 33 40] 1 752
 7 33 38] 1 918
31 35 39] 1 910
31 35 38] 1 793
 7 32 38] 1 888
 7 32 36] 1 864
 7 32 34] 1 888
31 34 45] 1 782
31 34 42] 1 767
 7 31 36] 1 764
31 34 36] 1 764
 7 31 33] 1 918
 7 31 32] 1 888
 7 30 45] 1 761
 7 30 44] 1 768
 7 30 42] 1 761
 7 30 39] 1 902
31 32 45] 1 797
 7 30 36] 1 902
31 32 41] 1 808
31 32 40] 1 870
31 32 39] 1 797
 7 29 44] 1 768
31 32 38] 1 888
31 32 34] 1 888
31 32 33] 1 791
30 43 45] 1 846
30 42 44] 1 813
30 41 45] 1 846
30 41 43] 1 846
30 41 42] 1 833
 7 28 41] 1 921
 7 27 44] 1 768
 7 27 38] 1 768
 7 27 30] 1 768
 7 27 29] 1 768
 7 26 38] 1 824
 7 26 36] 1 897
 7 26 34] 1 824
30 40 43] 1 832
 7 25 45] 1 731
 7 25 42] 1 731
 7 25 39] 1 731
30 40 42] 1 870
 7 25 32] 1 864
 7 25 29] 1 792
30 39 44] 1 875
 7 24 42] 1 761
 7 24 39] 1 902
30 39 43] 1 758
30 39 42] 1 833
 7 24 35] 1 909
30 38 45] 1 814
 7 24 33] 1 909
 7 24 31] 1 764
10 24 41] 1 856
30 38 44] 1 768
 7 24 26] 1 824
 7 23 45] 1 880
 7 23 39] 1 902
 7 23 38] 1 880
 7 23 36] 1 902
 7 23 30] 1 902
 7 23 28] 1 747
30 38 42] 1 814
 7 22 41] 1 921
30 36 44] 1 875
 7 22 35] 1 739
30 35 44] 1 813
 7 22 33] 1 739
 7 22 31] 1 764
 7 22 30] 1 739
30 35 41] 1 766
 7 22 28] 1 921
 7 22 26] 1 897
 7 22 24] 1 764
 7 20 43] 1 752
 7 20 40] 1 752
 7 20 33] 1 752
30 35 39] 1 766
 7 19 44] 1 855
 7 19 43] 1 855
30 34 41] 1 766
30 34 38] 1 871
30 34 37] 1 728
 7 19 31] 1 816
30 33 45] 1 837
30 33 43] 1 872
 7 19 25] 1 792
30 33 42] 1 843
30 33 38] 1 841
 7 18 45] 1 844
30 32 43] 1 872
30 32 42] 1 870
 7 18 35] 1 900
 7 18 33] 1 844
30 32 40] 1 870
 7 18 30] 1 794
30 32 33] 1 872
30 31 42] 1 870
 7 17 45] 1 880
30 31 40] 1 870
 7 17 43] 1 855
 7 17 38] 1 880
 7 17 33] 1 757
 7 17 28] 1 747
 7 17 24] 1 880
30 31 32] 1 870
29 43 45] 1 829
 7 16 45] 1 769
 7 16 43] 1 752
 7 16 41] 1 769
 7 16 40] 1 752
 7 16 38] 1 900
 7 16 36] 1 792
 7 16 35] 1 900
 7 16 33] 1 752
 7 16 29] 1 792
 7 16 25] 1 792
 7 16 20] 1 752
 7 16 19] 1 792
 7 16 18] 1 900
 7 15 45] 1 844
 7 15 44] 1 855
 7 15 43] 1 855
 7 15 36] 1 764
 7 15 34] 1 764
 7 15 33] 1 844
 7 15 31] 1 764
 7 15 24] 1 764
 7 15 22] 1 764
 7 15 19] 1 855
 7 15 18] 1 844
 7 15 17] 1 855
 7 14 38] 1 900
 7 14 35] 1 900
 7 14 28] 1 747
 7 14 23] 1 747
 7 14 18] 1 900
 7 14 17] 1 747
 7 14 16] 1 900
29 40 45] 1 845
 7 13 42] 1 731
29 40 44] 1 907
29 39 42] 1 889
 7 13 36] 1 864
 7 13 35] 1 900
 7 13 33] 1 844
 7 13 32] 1 864
 7 13 31] 1 828
 7 13 30] 1 794
 7 13 29] 1 828
29 38 40] 1 907
 7 13 19] 1 794
29 38 39] 1 889
 7 13 16] 1 900
 7 13 15] 1 844
 7 13 14] 1 900
 7 12 45] 1 789
 7 12 41] 1 921
 7 12 39] 1 816
29 37 44] 1 907
 7 12 36] 1 897
 7 12 34] 1 888
 7 12 33] 1 918
 7 12 32] 1 888
29 37 40] 1 907
29 37 39] 1 866
29 37 38] 1 907
 7 12 26] 1 897
 7 12 23] 1 747
29 35 45] 1 829
29 35 43] 1 829
 7 12 18] 1 816
 7 12 17] 1 747
 7 12 14] 1 747
29 35 39] 1 788
 7 11 44] 1 757
 7 11 42] 1 761
 7 11 41] 1 769
 7 11 38] 1 918
29 34 43] 1 920
 7 11 31] 1 918
 7 11 30] 1 761
 7 11 24] 1 761
 7 11 17] 1 757
 7 11 16] 1 769
 7 11 12] 1 918
 7 10 36] 1 864
 7 10 32] 1 864
 7 10 25] 1 864
 7 10 13] 1 864
 7  9 38] 1 824
 7  9 34] 1 824
 7  9 29] 1 824
 7  9 28] 1 747
 7  9 26] 1 824
 7  9 24] 1 824
 7  9 23] 1 747
 7  9 17] 1 747
 7  9 14] 1 747
 7  9 12] 1 747
 7  8 45] 1 844
 7  8 44] 1 855
 7  8 43] 1 855
 7  8 33] 1 844
 7  8 19] 1 855
 7  8 18] 1 844
 7  8 17] 1 855
29 34 38] 1 824
 7  8 13] 1 844
 6 43 45] 1 904
 6 42 43] 1 834
 6 41 45] 1 734
 6 40 45] 1 845
 6 39 40] 1 809
29 34 37] 1 866
 6 38 43] 1 857
 6 38 41] 1 734
 6 37 45] 1 734
29 33 45] 1 845
29 33 44] 1 827
 6 37 39] 1 869
29 33 42] 1 775
 6 36 43] 1 922
 6 36 41] 1 778
 6 36 40] 1 742
29 33 40] 1 845
 6 35 43] 1 834
29 33 38] 1 775
 6 35 41] 1 778
 6 35 37] 1 778
29 32 43] 1 872
 6 34 45] 1 782
 6 34 43] 1 857
 6 34 41] 1 779
29 32 33] 1 872
29 31 45] 1 829
 6 34 36] 1 728
 6 34 35] 1 807
29 31 43] 1 829
 6 33 44] 1 757
29 31 35] 1 829
 6 33 35] 1 807
 6 33 34] 1 807
 6 32 41] 1 772
 6 32 36] 1 916
 6 32 35] 1 916
 6 31 45] 1 782
 6 31 38] 1 782
 6 31 34] 1 782
 6 30 45] 1 837
 6 30 42] 1 820
29 30 44] 1 768
 6 30 37] 1 728
 6 30 36] 1 728
 6 30 35] 1 820
29 30 43] 1 872
 6 30 33] 1 837
 6 29 45] 1 845
 6 29 40] 1 845
 6 29 37] 1 890
 6 29 36] 1 897
 6 29 33] 1 845
 6 29 30] 1 771
 6 28 45] 1 837
 6 28 43] 1 857
 6 28 38] 1 857
 6 28 34] 1 857
 6 28 33] 1 837
 6 28 30] 1 837
 6 27 43] 1 922
 6 27 40] 1 913
 6 27 39] 1 869
29 30 38] 1 768
 6 27 36] 1 922
 6 27 28] 1 787
 6 26 45] 1 904
 6 26 43] 1 904
 6 26 40] 1 785
 6 26 38] 1 871
 6 26 36] 1 897
 6 26 34] 1 871
 6 26 33] 1 785
 6 26 30] 1 871
 6 26 29] 1 897
 6 25 45] 1 837
 6 25 40] 1 785
 6 25 35] 1 807
 6 25 34] 1 807
29 30 32] 1 872
28 42 43] 1 738
 6 25 30] 1 837
 6 25 28] 1 837
 6 25 26] 1 785
 6 24 41] 1 779
 6 24 34] 1 779
 6 23 40] 1 809
 6 23 39] 1 809
 6 22 42] 1 820
 6 22 37] 1 915
28 41 44] 1 868
28 41 43] 1 868
 6 22 32] 1 916
 6 22 30] 1 820
 6 22 29] 1 897
 6 22 26] 1 897
 6 21 42] 1 820
28 39 43] 1 863
 6 21 40] 1 913
28 39 41] 1 891
28 37 44] 1 801
28 37 43] 1 801
 6 21 34] 1 777
28 36 43] 1 738
28 36 42] 1 738
 6 21 29] 1 771
28 36 39] 1 850
28 36 38] 1 738
 6 20 45] 1 782
 6 20 39] 1 869
 6 20 38] 1 782
 6 20 37] 1 869
 6 20 34] 1 782
28 36 37] 1 755
 6 20 27] 1 869
 6 20 25] 1 926
 6 19 45] 1 789
 6 19 41] 1 779
28 35 45] 1 835
 6 19 34] 1 779
 6 19 30] 1 794
 6 19 24] 1 779
28 35 43] 1 863
 6 18 43] 1 834
 6 18 42] 1 834
 6 18 41] 1 734
28 35 42] 1 898
28 35 39] 1 863
28 35 38] 1 835
28 35 37] 1 898
 6 18 33] 1 807
28 34 43] 1 857
28 34 42] 1 774
28 34 38] 1 857
 6 18 27] 1 736
28 33 45] 1 837
28 33 35] 1 852
28 32 42] 1 874
 6 18 19] 1 794
 6 17 44] 1 757
 6 17 43] 1 922
 6 17 40] 1 809
 6 17 39] 1 809
 6 17 38] 1 830
28 31 41] 1 891
28 31 39] 1 891
 6 17 35] 1 916
 6 17 34] 1 777
 6 17 33] 1 757
 6 17 32] 1 916
 6 17 30] 1 771
 6 17 29] 1 771
28 31 32] 1 906
 6 17 23] 1 809
 6 17 22] 1 916
28 30 38] 1 814
28 30 37] 1 755
28 30 36] 1 755
 6 16 43] 1 857
 6 16 41] 1 734
28 30 35] 1 852
28 29 43] 1 840
28 29 30] 1 818
 6 16 34] 1 857
 6 16 33] 1 845
27 44 45] 1 741
 6 16 29] 1 845
27 40 44] 1 907
27 39 45] 1 885
27 38 43] 1 738
 6 16 21] 1 913
 6 16 20] 1 926
27 38 42] 1 738
 6 16 17] 1 830
27 37 44] 1 907
 6 15 39] 1 809
 6 15 33] 1 785
 6 15 26] 1 785
 6 15 25] 1 785
 6 15 23] 1 809
 6 15 17] 1 809
 6 14 41] 1 772
 6 14 40] 1 913
27 37 41] 1 735
 6 14 32] 1 772
 6 14 29] 1 890
 6 14 27] 1 913
 6 14 22] 1 915
27 37 39] 1 869
 6 14 18] 1 890
 6 14 16] 1 913
 6 13 43] 1 922
 6 13 40] 1 742
 6 13 38] 1 794
27 36 45] 1 887
27 36 42] 1 738
 6 13 30] 1 794
 6 13 28] 1 787
27 36 38] 1 738
 6 13 22] 1 915
 6 13 19] 1 794
 6 13 18] 1 794
 6 13 17] 1 922
 6 13 16] 1 787
 6 13 14] 1 915
 6 12 45] 1 789
 6 12 41] 1 779
27 35 44] 1 813
 6 12 37] 1 777
 6 12 36] 1 897
27 35 42] 1 813
 6 12 30] 1 871
 6 12 29] 1 897
27 35 39] 1 910
 6 12 24] 1 779
 6 12 22] 1 897
 6 12 21] 1 777
27 34 45] 1 741
 6 12 18] 1 777
 6 12 17] 1 777
 6 11 45] 1 904
 6 11 44] 1 757
 6 11 43] 1 904
27 34 43] 1 917
 6 11 40] 1 809
 6 11 39] 1 809
27 34 42] 1 813
 6 11 36] 1 778
 6 11 35] 1 778
 6 11 33] 1 757
 6 11 32] 1 772
 6 11 31] 1 878
 6 11 27] 1 736
 6 11 26] 1 904
 6 11 25] 1 878
 6 11 23] 1 809
 6 11 22] 1 915
27 34 35] 1 813
 6 11 18] 1 736
27 33 44] 1 914
 6 11 16] 1 878
 6 11 15] 1 809
27 33 42] 1 914
 6 11 13] 1 915
 6 10 43] 1 857
 6 10 42] 1 820
 6 10 40] 1 742
 6 10 38] 1 857
27 32 43] 1 732
27 32 42] 1 860
27 31 45] 1 885
27 31 43] 1 760
 6 10 33] 1 807
 6 10 31] 1 926
27 31 42] 1 760
 6 10 29] 1 771
 6 10 28] 1 857
27 31 38] 1 806
 6 10 22] 1 820
27 31 37] 1 806
 6 10 20] 1 926
27 31 35] 1 910
 6 10 17] 1 771
27 30 42] 1 813
 6 10 13] 1 742
 6  9 28] 1 787
 6  9 27] 1 787
 6  9 16] 1 787
 6  9 13] 1 787
 6  8 45] 1 904
27 30 41] 1 790
 6  8 42] 1 834
 6  8 40] 1 742
 6  8 37] 1 742
 6  8 36] 1 742
 6  8 35] 1 834
 6  8 26] 1 904
 6  8 18] 1 834
 6  8 13] 1 742
 6  8 11] 1 904
 6  8 10] 1 742
 6  7 45] 1 789
 6  7 44] 1 757
27 30 38] 1 768
 6  7 36] 1 897
 6  7 33] 1 757
 6  7 30] 1 794
 6  7 29] 1 897
 6  7 26] 1 897
 6  7 22] 1 897
27 30 35] 1 813
 6  7 18] 1 794
 6  7 17] 1 757
 6  7 13] 1 794
27 30 34] 1 813
 6  7 11] 1 757
 5 44 45] 1 741
27 29 43] 1 840
27 29 40] 1 907
 5 41 43] 1 846
 5 40 41] 1 796
 5 39 45] 1 797
27 29 37] 1 907
 5 38 45] 1 896
 5 38 39] 1 873
 5 37 41] 1 735
 5 37 38] 1 830
 5 36 45] 1 797
 5 36 41] 1 796
 5 36 40] 1 796
27 29 30] 1 768
 5 35 45] 1 829
 5 35 43] 1 829
 5 35 42] 1 911
 5 34 45] 1 741
 5 34 44] 1 741
27 28 42] 1 738
 5 34 39] 1 849
 5 33 44] 1 827
 5 33 39] 1 873
27 28 38] 1 738
 5 32 45] 1 797
 5 32 43] 1 732
 5 32 42] 1 911
 5 32 41] 1 772
 5 32 39] 1 797
 5 32 36] 1 797
 5 32 35] 1 911
27 28 36] 1 738
 5 31 43] 1 829
 5 31 42] 1 767
 5 31 39] 1 797
 5 31 38] 1 918
 5 31 36] 1 797
 5 31 35] 1 829
 5 31 34] 1 767
 5 31 33] 1 918
27 28 29] 1 840
 5 30 45] 1 846
26 43 45] 1 904
 5 30 41] 1 846
 5 30 39] 1 758
 5 30 38] 1 841
 5 30 34] 1 901
 5 30 33] 1 841
 5 29 45] 1 829
 5 29 44] 1 827
 5 29 43] 1 829
 5 29 39] 1 849
 5 29 35] 1 829
 5 29 34] 1 849
 5 29 33] 1 827
 5 29 31] 1 829
 5 28 41] 1 921
 5 28 39] 1 850
 5 28 36] 1 850
 5 28 32] 1 906
 5 28 31] 1 906
 5 27 45] 1 741
 5 27 44] 1 741
 5 27 43] 1 732
 5 27 41] 1 735
 5 27 37] 1 735
 5 27 34] 1 741
 5 27 32] 1 732
 5 27 28] 1 787
 5 26 45] 1 896
 5 26 43] 1 803
 5 26 42] 1 876
 5 26 41] 1 796
 5 26 40] 1 796
 5 26 38] 1 896
 5 26 36] 1 796
 5 26 34] 1 876
 5 26 30] 1 803
 5 25 45] 1 896
 5 25 38] 1 896
 5 25 26] 1 896
 5 24 43] 1 758
 5 24 42] 1 876
26 41 45] 1 749
 5 24 38] 1 841
 5 24 36] 1 850
 5 24 34] 1 876
 5 24 33] 1 841
26 41 43] 1 927 [+] 
 5 24 28] 1 850
 5 24 26] 1 876
 5 23 45] 1 896
 5 23 43] 1 877
 5 23 38] 1 896
 5 23 34] 1 901
 5 23 30] 1 901
 5 23 26] 1 896
 5 23 25] 1 896
 5 22 45] 1 797
 5 22 43] 1 877
 5 22 42] 1 767
 5 22 41] 1 921
 5 22 39] 1 797
 5 22 38] 1 912
 5 22 36] 1 797
 5 22 34] 1 767
 5 22 32] 1 797
26 40 44] 1 851
 5 22 28] 1 921
 5 22 23] 1 877
 5 21 45] 1 741
 5 21 44] 1 741
 5 21 43] 1 810
 5 21 42] 1 876
26 40 43] 1 832
 5 21 40] 1 796
 5 21 39] 1 810
 5 21 38] 1 912
 5 21 36] 1 796
26 40 41] 1 796
 5 21 32] 1 772
 5 21 30] 1 901
 5 21 27] 1 741
26 39 41] 1 895
 5 21 24] 1 876
 5 21 23] 1 901
 5 21 22] 1 912
 5 20 42] 1 767
 5 20 39] 1 850
 5 20 36] 1 850
26 39 40] 1 823
 5 20 32] 1 906
26 38 45] 1 896
 5 20 30] 1 901
26 38 43] 1 927 [+] 
 5 20 24] 1 850
 5 20 23] 1 901
 5 20 22] 1 767
 5 20 21] 1 901
 5 18 45] 1 846
26 36 45] 1 729
 5 18 41] 1 846
26 36 40] 1 796
 5 18 37] 1 830
 5 18 34] 1 901
26 36 39] 1 842
26 36 37] 1 755
26 34 45] 1 749
26 34 43] 1 920
 5 18 20] 1 901
26 34 42] 1 876
 5 17 39] 1 849
 5 17 38] 1 830
 5 17 37] 1 830
 5 17 34] 1 849
 5 17 32] 1 732
 5 17 29] 1 849
 5 17 27] 1 732
 5 17 23] 1 877
 5 17 22] 1 877
26 34 41] 1 749
26 34 36] 1 795
 5 16 44] 1 741
 5 16 42] 1 876
 5 16 41] 1 769
 5 16 39] 1 850
 5 16 38] 1 830
 5 16 37] 1 830
 5 16 36] 1 850
26 33 43] 1 920
26 33 40] 1 785
26 33 34] 1 920
 5 16 26] 1 876
26 32 42] 1 842
26 32 39] 1 842
 5 16 20] 1 850
 5 16 18] 1 830
 5 16 17] 1 830
 5 15 42] 1 767
 5 15 34] 1 767
 5 15 31] 1 767
 5 15 22] 1 767
 5 15 20] 1 767
 5 14 44] 1 827
 5 14 43] 1 803
 5 14 42] 1 911
 5 14 41] 1 772
 5 14 38] 1 841
 5 14 35] 1 911
26 32 38] 1 842
26 31 44] 1 851
 5 14 31] 1 906
26 31 41] 1 895
 5 14 29] 1 827
 5 14 28] 1 906
 5 14 26] 1 803
 5 14 24] 1 841
 5 14 21] 1 772
 5 14 20] 1 906
 5 13 45] 1 846
26 31 40] 1 851
26 31 39] 1 895
26 31 38] 1 895
 5 13 38] 1 873
 5 13 37] 1 735
 5 13 34] 1 849
 5 13 33] 1 873
 5 13 30] 1 846
 5 13 29] 1 849
 5 13 28] 1 787
26 30 42] 1 847
 5 13 21] 1 810
 5 13 18] 1 846
 5 13 17] 1 849
 5 13 16] 1 787
 5 12 45] 1 896
 5 12 44] 1 827
26 30 40] 1 832
 5 12 42] 1 911
 5 12 41] 1 921
26 30 38] 1 871
26 30 37] 1 755
 5 12 35] 1 911
26 30 36] 1 755
 5 12 32] 1 911
 5 12 31] 1 918
 5 12 30] 1 758
 5 12 29] 1 827
 5 12 28] 1 921
 5 12 26] 1 896
 5 12 25] 1 896
 5 12 24] 1 758
26 30 34] 1 871
26 29 43] 1 920
 5 12 18] 1 877
 5 12 17] 1 877
26 29 42] 1 889
 5 12 13] 1 873
 5 11 45] 1 769
 5 11 44] 1 827
 5 11 43] 1 810
26 29 39] 1 889
 5 11 39] 1 810
26 29 36] 1 897
26 29 33] 1 920
 5 11 32] 1 772
 5 11 31] 1 918
 5 11 30] 1 841
 5 11 29] 1 827
 5 11 24] 1 841
26 28 45] 1 800
 5 11 16] 1 769
26 28 42] 1 847
 5 11 13] 1 810
26 28 37] 1 755
 5 10 43] 1 810
 5 10 41] 1 735
 5 10 39] 1 810
 5 10 38] 1 912
 5 10 37] 1 735
 5 10 27] 1 735
 5 10 22] 1 912
26 28 36] 1 755
 5 10 18] 1 912
26 27 44] 1 853
 5 10 11] 1 810
26 27 36] 1 815
 5  9 39] 1 758
26 27 32] 1 881
 5  9 28] 1 787
 5  9 27] 1 787
 5  9 26] 1 803
 5  9 24] 1 758
 5  9 16] 1 787
 5  9 14] 1 803
 5  9 13] 1 787
 5  9 12] 1 758
 5  8 38] 1 912
 5  8 22] 1 912
 5  8 21] 1 912
 5  8 18] 1 912
 5  8 10] 1 912
 5  7 45] 1 769
25 41 44] 1 868
 5  7 38] 1 918
 5  7 33] 1 918
 5  7 31] 1 918
 5  7 28] 1 921
 5  7 22] 1 921
 5  7 16] 1 769
25 41 43] 1 868
25 40 45] 1 819
 5  6 41] 1 772
 5  6 38] 1 830
 5  6 37] 1 830
 5  6 32] 1 772
 5  6 28] 1 787
 5  6 27] 1 787
 5  6 21] 1 772
 5  6 18] 1 830
 5  6 17] 1 830
25 40 42] 1 870
 5  6 14] 1 772
 5  6 13] 1 787
 5  6 11] 1 772
 5  6  9] 1 787
 4 43 45] 1 829
 4 42 45] 1 761
 4 41 45] 1 769
 4 41 43] 1 927 [+] 
 4 40 43] 1 752
 4 39 42] 1 925
 4 38 44] 1 768
 4 38 43] 1 927 [+] 
 4 38 41] 1 927 [+] 
 4 38 40] 1 905
 4 37 45] 1 884
 4 37 41] 1 735
 4 37 39] 1 869
 4 36 42] 1 892
 4 35 45] 1 829
 4 35 43] 1 829
 4 35 42] 1 911
25 39 45] 1 731
 4 34 41] 1 779
 4 34 39] 1 925
25 39 42] 1 731
 4 33 42] 1 843
25 38 40] 1 819
 4 33 34] 1 843
25 37 44] 1 801
25 37 43] 1 801
 4 32 39] 1 925
 4 32 35] 1 911
 4 32 34] 1 925
 4 32 33] 1 872
 4 31 45] 1 829
 4 31 43] 1 829
 4 31 39] 1 828
 4 31 35] 1 829
 4 30 45] 1 761
 4 30 44] 1 768
 4 30 43] 1 872
25 36 43] 1 854
 4 30 38] 1 768
 4 30 34] 1 843
25 34 43] 1 817
 4 30 32] 1 872
 4 29 45] 1 829
 4 29 44] 1 768
25 34 35] 1 807
 4 29 39] 1 828
 4 29 38] 1 768
 4 29 37] 1 890
 4 29 35] 1 829
 4 29 33] 1 872
 4 29 32] 1 872
25 33 38] 1 819
25 33 35] 1 807
25 33 34] 1 807
 4 28 44] 1 751
 4 28 43] 1 840
 4 28 37] 1 884
 4 28 29] 1 840
 4 27 44] 1 768
25 32 43] 1 854
 4 27 42] 1 860
 4 27 41] 1 735
 4 27 40] 1 905
 4 27 39] 1 869
25 32 40] 1 870
25 31 43] 1 854
 4 27 36] 1 815
25 31 42] 1 870
 4 27 30] 1 768
25 31 40] 1 870
25 31 36] 1 854
 4 26 45] 1 800
 4 26 43] 1 927 [+] 
 4 26 42] 1 892
 4 26 41] 1 927 [+] 
 4 26 40] 1 785
 4 26 38] 1 927 [+] 
25 30 45] 1 837
 4 26 33] 1 785
 4 26 32] 1 881
 4 26 28] 1 800
25 30 42] 1 870
 4 25 42] 1 860
 4 25 40] 1 785
 4 25 36] 1 815
 4 25 33] 1 785
 4 25 32] 1 860
25 30 40] 1 870
25 30 33] 1 837
 4 24 45] 1 761
25 30 32] 1 870
 4 24 41] 1 779
 4 24 39] 1 925
25 30 31] 1 870
 4 24 32] 1 925
 4 24 30] 1 761
 4 23 45] 1 884
 4 23 37] 1 884
 4 23 28] 1 884
 4 22 43] 1 927 [+] 
 4 22 41] 1 927 [+] 
 4 22 39] 1 730
 4 22 38] 1 927 [+] 
 4 22 26] 1 927 [+] 
 4 21 42] 1 843
 4 21 36] 1 815
 4 21 34] 1 843
 4 21 33] 1 843
 4 21 30] 1 843
 4 21 27] 1 815
 4 21 26] 1 815
 4 21 25] 1 815
 4 20 44] 1 751
 4 20 43] 1 752
25 29 36] 1 792
 4 20 39] 1 869
 4 20 38] 1 905
 4 20 37] 1 869
 4 20 35] 1 879
 4 20 33] 1 752
 4 20 32] 1 881
 4 20 28] 1 751
25 29 30] 1 818
 4 20 26] 1 881
 4 19 42] 1 843
 4 19 41] 1 779
25 28 45] 1 837
 4 19 33] 1 843
 4 19 31] 1 740
 4 19 30] 1 843
 4 19 24] 1 779
 4 19 21] 1 843
25 28 41] 1 868
25 28 37] 1 801
 4 18 37] 1 890
 4 18 36] 1 892
25 28 33] 1 837
 4 18 31] 1 828
25 28 29] 1 818
 4 18 28] 1 756
25 27 42] 1 860
25 27 36] 1 815
 4 18 25] 1 860
 4 18 22] 1 730
 4 18 20] 1 881
 4 17 45] 1 884
 4 17 44] 1 751
 4 17 43] 1 732
 4 17 42] 1 892
 4 17 37] 1 884
25 27 32] 1 860
 4 17 32] 1 732
 4 17 31] 1 740
25 26 45] 1 896
25 26 40] 1 785
25 26 38] 1 896
 4 17 25] 1 815
 4 17 23] 1 884
 4 17 21] 1 815
 4 17 20] 1 751
 4 17 19] 1 740
 4 17 18] 1 892
 4 16 45] 1 769
 4 16 44] 1 751
 4 16 43] 1 752
 4 16 41] 1 769
25 26 36] 1 815
 4 16 38] 1 905
 4 16 33] 1 752
 4 16 31] 1 740
25 26 33] 1 785
25 26 27] 1 815
24 43 44] 1 856
 4 16 19] 1 740
 4 16 18] 1 756
24 42 45] 1 761
 4 15 43] 1 927 [+] 
 4 15 41] 1 927 [+] 
 4 15 40] 1 785
 4 15 39] 1 730
 4 15 38] 1 927 [+] 
 4 15 35] 1 879
 4 15 33] 1 785
24 42 44] 1 914
 4 15 25] 1 785
24 41 45] 1 749
 4 15 20] 1 879
 4 15 18] 1 730
 4 14 45] 1 884
 4 14 42] 1 911
 4 14 39] 1 730
24 41 44] 1 856
24 40 44] 1 856
 4 14 32] 1 911
 4 14 29] 1 890
24 40 43] 1 856
 4 14 27] 1 756
 4 14 23] 1 884
 4 14 22] 1 730
 4 14 20] 1 879
24 39 45] 1 885
 4 14 17] 1 884
 4 14 16] 1 756
24 39 42] 1 925
 4 13 42] 1 925
 4 13 41] 1 735
24 39 41] 1 859
 4 13 37] 1 735
 4 13 34] 1 925
 4 13 32] 1 925
 4 13 31] 1 828
 4 13 29] 1 828
 4 13 27] 1 735
 4 13 24] 1 925
 4 13 18] 1 828
 4 12 45] 1 800
 4 12 42] 1 911
 4 12 41] 1 779
 4 12 35] 1 911
 4 12 34] 1 779
 4 12 32] 1 911
 4 12 28] 1 800
 4 12 26] 1 800
 4 12 24] 1 779
 4 12 19] 1 779
 4 12 14] 1 911
24 39 40] 1 823
 4 11 43] 1 840
 4 11 42] 1 761
 4 11 41] 1 769
 4 11 30] 1 761
 4 11 29] 1 840
 4 11 28] 1 840
 4 11 27] 1 840
 4 11 24] 1 761
 4 11 16] 1 769
 4 10 45] 1 800
 4 10 41] 1 735
 4 10 39] 1 730
 4 10 37] 1 735
 4 10 35] 1 879
24 38 45] 1 880
24 38 41] 1 859
 4 10 26] 1 800
 4 10 22] 1 730
 4 10 20] 1 879
24 38 39] 1 859
 4 10 16] 1 756
24 37 41] 1 753
24 36 42] 1 826
 4 10 13] 1 735
 4 10 12] 1 800
 4  9 42] 1 892
 4  9 36] 1 892
 4  9 32] 1 881
 4  9 31] 1 740
 4  9 27] 1 881
24 35 41] 1 859
 4  9 20] 1 881
 4  9 19] 1 740
24 35 40] 1 733
24 35 39] 1 859
 4  9 16] 1 740
 4  8 42] 1 860
 4  8 32] 1 860
 4  8 31] 1 740
 4  8 27] 1 860
 4  8 25] 1 860
 4  8 19] 1 740
 4  8 18] 1 860
 4  8 17] 1 740
 4  8 16] 1 740
 4  8  9] 1 740
24 35 38] 1 859
 4  7 44] 1 768
 4  7 43] 1 752
 4  7 42] 1 761
 4  7 41] 1 769
 4  7 40] 1 752
 4  7 39] 1 828
 4  7 38] 1 768
 4  7 33] 1 752
 4  7 31] 1 828
24 34 45] 1 749
24 34 43] 1 917
 4  7 27] 1 768
 4  7 24] 1 761
 4  7 20] 1 752
 4  7 18] 1 828
24 34 39] 1 925
 4  7 13] 1 828
24 34 38] 1 824
 4  6 41] 1 779
 4  6 40] 1 785
 4  6 39] 1 869
24 34 36] 1 764
 4  6 34] 1 779
 4  6 33] 1 785
 4  6 29] 1 890
 4  6 27] 1 869
 4  6 26] 1 785
 4  6 25] 1 785
 4  6 24] 1 779
 4  6 20] 1 869
 4  6 19] 1 779
 4  6 18] 1 890
 4  6 15] 1 785
 4  6 14] 1 890
 4  6 12] 1 779
24 34 35] 1 909
24 33 44] 1 914
 4  5 42] 1 911
24 33 40] 1 733
 4  5 37] 1 735
24 33 38] 1 841
24 33 36] 1 826
 4  5 31] 1 829
 4  5 29] 1 829
24 33 34] 1 909
 4  5 17] 1 732
 4  5 16] 1 769
 4  5 14] 1 911
 4  5 13] 1 735
 4  5 12] 1 911
 4  5 11] 1 769
 4  5 10] 1 735
 4  5  7] 1 769
 3 43 44] 1 924
 3 42 45] 1 746
 3 42 44] 1 924
24 32 43] 1 808
 3 39 45] 1 885
 3 39 42] 1 889
 3 38 42] 1 889
 3 38 40] 1 905
24 32 42] 1 925
 3 37 41] 1 753
 3 36 45] 1 746
 3 36 43] 1 854
 3 36 42] 1 746
 3 36 41] 1 923
 3 36 38] 1 795
 3 36 37] 1 728
 3 35 43] 1 834
 3 35 42] 1 834
 3 34 44] 1 924
24 32 41] 1 808
 3 34 42] 1 924
 3 34 39] 1 849
24 32 40] 1 733
 3 34 37] 1 728
24 32 39] 1 925
24 32 35] 1 733
24 32 34] 1 925
24 32 33] 1 733
 3 33 39] 1 873
 3 33 38] 1 873
 3 33 36] 1 746
 3 33 34] 1 920
 3 32 45] 1 865
24 31 45] 1 885
 3 32 42] 1 805
 3 32 38] 1 888
24 31 43] 1 808
24 31 41] 1 808
 3 32 33] 1 865
 3 31 45] 1 885
 3 31 43] 1 854
 3 31 42] 1 805
24 31 36] 1 764
 3 31 38] 1 888
 3 31 36] 1 854
 3 31 34] 1 888
24 31 34] 1 764
 3 30 44] 1 908
 3 30 41] 1 790
 3 30 37] 1 728
 3 30 36] 1 728
 3 30 34] 1 728
 3 29 43] 1 920
 3 29 42] 1 889
24 30 45] 1 761
 3 29 38] 1 889
24 30 43] 1 758
 3 29 33] 1 920
 3 29 32] 1 748
 3 29 31] 1 748
 3 29 30] 1 818
 3 28 44] 1 751
 3 28 30] 1 818
 3 28 29] 1 818
 3 27 45] 1 885
 3 27 43] 1 917
 3 27 41] 1 790
 3 27 40] 1 905
 3 27 39] 1 885
 3 27 38] 1 905
 3 27 34] 1 917
 3 27 31] 1 885
 3 27 30] 1 790
 3 26 43] 1 920
 3 26 42] 1 889
24 30 42] 1 761
 3 26 39] 1 889
24 30 36] 1 902
24 30 35] 1 909
24 30 34] 1 909
 3 26 33] 1 920
24 29 44] 1 821
 3 25 45] 1 746
24 29 38] 1 824
 3 25 42] 1 746
24 29 35] 1 909
 3 25 34] 1 817
 3 25 33] 1 746
24 29 33] 1 909
24 29 32] 1 754
 3 25 30] 1 818
 3 25 29] 1 818
 3 25 28] 1 818
 3 24 45] 1 885
 3 24 43] 1 917
 3 24 41] 1 753
24 29 31] 1 754
 3 24 37] 1 753
 3 24 34] 1 917
24 29 30] 1 909
24 28 39] 1 850
 3 23 44] 1 908
 3 23 43] 1 917
 3 23 41] 1 923
 3 23 39] 1 784
 3 23 36] 1 923
 3 23 34] 1 917
 3 23 31] 1 784
 3 23 30] 1 908
 3 23 27] 1 917
 3 23 26] 1 923
24 28 36] 1 850
 3 22 45] 1 865
 3 22 44] 1 908
 3 22 39] 1 784
 3 22 33] 1 865
24 27 45] 1 885
24 27 44] 1 914
 3 22 30] 1 908
 3 22 29] 1 748
 3 22 24] 1 784
24 27 43] 1 917
 3 21 44] 1 908
 3 21 41] 1 762
 3 21 30] 1 908
 3 21 26] 1 762
 3 21 23] 1 908
 3 21 22] 1 908
 3 20 44] 1 751
 3 20 43] 1 854
 3 20 40] 1 905
 3 20 38] 1 905
 3 20 36] 1 854
 3 20 32] 1 854
 3 20 31] 1 854
 3 20 28] 1 751
 3 20 27] 1 905
 3 20 25] 1 854
24 27 41] 1 737
 3 19 39] 1 831
 3 19 37] 1 753
 3 19 35] 1 839
 3 19 31] 1 831
 3 19 30] 1 790
 3 19 27] 1 790
 3 19 24] 1 753
 3 18 43] 1 834
24 27 39] 1 885
 3 18 41] 1 923
 3 18 36] 1 923
 3 18 35] 1 834
 3 18 32] 1 805
 3 18 31] 1 805
 3 18 26] 1 923
 3 18 23] 1 923
 3 17 44] 1 751
24 27 36] 1 822
 3 17 39] 1 849
 3 17 37] 1 753
 3 17 36] 1 923
 3 17 34] 1 849
 3 17 29] 1 849
 3 17 28] 1 751
 3 17 26] 1 923
 3 17 24] 1 753
 3 17 23] 1 923
 3 17 20] 1 751
 3 17 19] 1 753
 3 17 18] 1 923
24 27 34] 1 917
24 27 33] 1 914
 3 16 41] 1 762
 3 16 40] 1 905
 3 16 39] 1 831
 3 16 38] 1 905
 3 16 34] 1 763
 3 16 32] 1 763
24 27 31] 1 885
 3 16 30] 1 908
 3 16 28] 1 751
 3 16 27] 1 905
 3 16 26] 1 762
 3 16 25] 1 878
 3 16 23] 1 908
 3 16 22] 1 908
24 26 45] 1 749
24 26 42] 1 876
 3 16 19] 1 831
 3 16 17] 1 751
 3 15 45] 1 865
 3 15 33] 1 865
 3 15 32] 1 865
 3 15 30] 1 818
 3 15 29] 1 818
 3 15 28] 1 818
 3 15 25] 1 818
 3 15 22] 1 865
 3 14 43] 1 812
 3 14 30] 1 818
 3 14 29] 1 818
 3 14 28] 1 818
 3 14 25] 1 818
 3 14 16] 1 812
 3 14 15] 1 818
 3 13 44] 1 924
24 26 41] 1 749
24 26 40] 1 823
24 26 39] 1 823
24 26 38] 1 824
24 26 29] 1 824
 3 13 35] 1 839
24 25 42] 1 826
 3 13 33] 1 873
24 25 36] 1 826
24 25 33] 1 826
23 44 45] 1 882
23 43 45] 1 882
23 43 44] 1 882
 3 13 22] 1 748
 3 13 19] 1 839
 3 13 18] 1 805
 3 13 17] 1 849
 3 12 45] 1 746
23 42 43] 1 738
23 39 45] 1 882
23 39 44] 1 882
 3 12 39] 1 873
23 39 41] 1 895
 3 12 36] 1 746
 3 12 35] 1 839
23 39 40] 1 809
23 38 42] 1 738
23 38 41] 1 895
23 37 42] 1 886
 3 12 30] 1 790
 3 12 27] 1 790
 3 12 26] 1 762
23 37 38] 1 806
 3 12 23] 1 745
 3 12 21] 1 762
23 36 43] 1 738
 3 12 18] 1 805
23 36 42] 1 738
 3 12 14] 1 812
23 36 41] 1 923
 3 11 44] 1 924
 3 11 43] 1 924
 3 11 42] 1 924
 3 11 35] 1 839
 3 11 34] 1 924
 3 11 31] 1 878
 3 11 25] 1 878
 3 11 19] 1 839
 3 11 16] 1 878
23 36 39] 1 902
 3 11 12] 1 839
23 36 38] 1 738
23 34 44] 1 882
 3 10 38] 1 795
 3 10 37] 1 728
23 34 42] 1 799
23 33 45] 1 799
23 33 42] 1 799
23 33 34] 1 799
 3 10 30] 1 728
 3 10 29] 1 748
 3 10 26] 1 795
 3 10 25] 1 864
 3 10 24] 1 784
23 32 43] 1 858
23 32 42] 1 874
 3 10 19] 1 831
23 32 39] 1 858
 3 10 14] 1 812
23 32 38] 1 858
23 31 41] 1 895
 3  9 43] 1 817
 3  9 39] 1 831
 3  9 35] 1 839
 3  9 34] 1 817
 3  9 31] 1 831
 3  9 25] 1 817
 3  9 23] 1 745
23 31 37] 1 806
 3  9 16] 1 831
23 30 44] 1 908
23 30 39] 1 902
 3  9 11] 1 839
23 30 36] 1 902
23 30 34] 1 901
23 28 43] 1 738
 3  8 41] 1 790
 3  8 35] 1 834
 3  8 34] 1 763
 3  8 33] 1 765
 3  8 32] 1 763
 3  8 30] 1 790
 3  8 27] 1 790
 3  8 19] 1 790
 3  8 18] 1 834
 3  8 16] 1 763
23 28 38] 1 738
 3  8 10] 1 763
 3  7 38] 1 888
 3  7 36] 1 864
 3  7 34] 1 888
23 28 36] 1 738
 3  7 31] 1 888
 3  7 25] 1 864
 3  7 13] 1 864
 3  7 12] 1 888
 3  7 10] 1 864
 3  6 43] 1 834
 3  6 42] 1 834
 3  6 37] 1 728
 3  6 36] 1 728
 3  6 35] 1 834
 3  6 34] 1 728
 3  6 31] 1 878
 3  6 30] 1 728
 3  6 25] 1 878
 3  6 18] 1 834
 3  6 16] 1 878
 3  6 11] 1 878
 3  6 10] 1 728
 3  6  8] 1 834
23 28 32] 1 874
 3  5 38] 1 873
 3  5 34] 1 849
 3  5 33] 1 873
 3  5 29] 1 849
 3  5 17] 1 849
23 27 44] 1 853
 3  5 12] 1 873
 3  4 44] 1 751
 3  4 40] 1 905
 3  4 38] 1 905
 3  4 28] 1 751
 3  4 27] 1 905
23 27 42] 1 738
 3  4 17] 1 751
23 27 37] 1 806
 2 43 45] 1 904
 2 43 44] 1 801
23 27 36] 1 738
 2 39 45] 1 731
 2 39 42] 1 731
23 27 34] 1 917
 2 38 42] 1 814
 2 38 39] 1 848
 2 37 45] 1 886
 2 37 44] 1 801
 2 37 43] 1 801
 2 37 42] 1 886
 2 37 41] 1 753
 2 37 39] 1 869
 2 36 43] 1 922
 2 36 41] 1 798
 2 35 39] 1 788
 2 34 43] 1 920
 2 34 39] 1 848
23 27 31] 1 806
23 27 28] 1 738
23 26 45] 1 896
 2 33 42] 1 791
 2 33 34] 1 920
 2 32 45] 1 865
23 26 44] 1 853
 2 32 42] 1 791
 2 32 41] 1 798
 2 32 36] 1 798
23 26 39] 1 895
 2 31 42] 1 791
 2 31 33] 1 791
23 26 36] 1 923
23 26 31] 1 895
23 26 27] 1 853
 2 30 42] 1 814
23 25 45] 1 896
 2 30 34] 1 871
23 25 41] 1 893
 2 30 32] 1 872
23 25 38] 1 896
 2 29 39] 1 788
 2 29 36] 1 792
 2 29 35] 1 788
 2 29 34] 1 920
23 25 26] 1 896
23 24 45] 1 880
 2 29 31] 1 754
 2 29 30] 1 872
23 24 43] 1 917
 2 28 44] 1 801
23 24 38] 1 880
23 24 36] 1 902
 2 28 38] 1 814
23 24 34] 1 917
 2 28 33] 1 837
 2 28 32] 1 906
 2 28 31] 1 906
23 24 31] 1 784
 2 28 29] 1 840
 2 27 44] 1 853
23 24 30] 1 902
 2 27 39] 1 869
 2 27 37] 1 869
 2 27 36] 1 922
 2 27 32] 1 732
 2 27 29] 1 840
 2 27 28] 1 840
 2 26 45] 1 904
 2 26 44] 1 853
23 24 27] 1 917
 2 26 38] 1 871
22 42 43] 1 760
 2 26 33] 1 920
22 41 43] 1 927 [+] 
 2 26 29] 1 920
 2 26 27] 1 853
22 40 44] 1 851
 2 25 44] 1 801
 2 25 43] 1 801
 2 25 42] 1 731
 2 25 39] 1 731
 2 25 37] 1 801
 2 25 36] 1 792
 2 25 33] 1 837
 2 25 31] 1 878
 2 25 30] 1 837
 2 25 29] 1 792
22 40 41] 1 867
 2 24 41] 1 753
 2 24 37] 1 753
 2 24 36] 1 750
 2 24 32] 1 754
 2 24 31] 1 754
 2 24 29] 1 754
 2 23 45] 1 886
 2 23 44] 1 853
 2 23 42] 1 886
 2 23 37] 1 886
 2 23 28] 1 886
 2 23 27] 1 853
 2 23 26] 1 853
22 39 45] 1 797
 2 22 41] 1 798
 2 22 39] 1 848
 2 22 38] 1 848
 2 22 37] 1 915
 2 22 36] 1 798
 2 22 34] 1 848
 2 22 33] 1 865
22 39 44] 1 875
 2 22 28] 1 903
22 39 41] 1 859
 2 21 42] 1 814
 2 21 38] 1 814
 2 21 30] 1 814
22 38 43] 1 927 [+] 
 2 21 27] 1 736
 2 21 22] 1 903
 2 20 39] 1 869
 2 20 37] 1 869
 2 20 32] 1 906
 2 20 31] 1 906
 2 20 28] 1 906
 2 20 27] 1 869
22 37 44] 1 883
 2 19 42] 1 886
 2 19 41] 1 753
 2 19 39] 1 788
 2 19 38] 1 789
22 36 45] 1 797
22 36 44] 1 875
 2 19 35] 1 788
22 36 41] 1 798
 2 19 28] 1 886
 2 19 25] 1 792
22 35 42] 1 820
 2 19 23] 1 886
 2 18 27] 1 736
 2 18 21] 1 736
 2 17 44] 1 801
22 35 41] 1 859
 2 17 41] 1 753
22 35 39] 1 859
 2 17 36] 1 922
22 35 38] 1 859
 2 17 31] 1 754
 2 17 29] 1 754
 2 17 28] 1 801
22 35 36] 1 916
 2 17 25] 1 801
22 34 44] 1 875
 2 17 21] 1 736
 2 17 19] 1 753
 2 17 18] 1 736
 2 16 45] 1 903
 2 16 39] 1 848
 2 16 38] 1 848
 2 16 36] 1 792
 2 16 34] 1 848
 2 16 31] 1 878
 2 16 29] 1 792
 2 16 28] 1 903
22 34 42] 1 767
22 34 38] 1 848
 2 16 21] 1 903
 2 16 19] 1 792
22 34 35] 1 739
 2 15 36] 1 750
 2 15 33] 1 865
 2 15 32] 1 865
 2 15 28] 1 903
 2 15 24] 1 750
22 33 45] 1 865
 2 15 21] 1 903
 2 15 19] 1 750
 2 15 16] 1 903
 2 14 43] 1 803
 2 14 41] 1 798
 2 14 37] 1 915
 2 14 36] 1 798
22 33 44] 1 883
 2 14 31] 1 906
 2 14 30] 1 803
 2 14 28] 1 906
 2 14 26] 1 803
22 33 37] 1 883
 2 14 20] 1 906
 2 13 45] 1 731
 2 13 44] 1 853
 2 13 43] 1 922
 2 13 42] 1 731
 2 13 39] 1 731
 2 13 37] 1 915
 2 13 36] 1 922
22 33 35] 1 739
 2 13 26] 1 853
 2 13 25] 1 731
 2 13 23] 1 853
 2 13 22] 1 915
 2 13 17] 1 922
 2 13 14] 1 915
 2 12 45] 1 789
 2 12 42] 1 791
22 33 34] 1 739
 2 12 36] 1 750
 2 12 34] 1 871
 2 12 33] 1 791
 2 12 32] 1 791
 2 12 31] 1 791
 2 12 30] 1 871
 2 12 26] 1 871
 2 12 24] 1 750
 2 12 23] 1 745
22 32 44] 1 883
 2 12 15] 1 750
 2 11 45] 1 904
22 32 41] 1 798
 2 11 39] 1 788
 2 11 37] 1 915
 2 11 35] 1 788
 2 11 31] 1 878
22 32 39] 1 797
 2 11 28] 1 840
22 32 37] 1 883
 2 11 26] 1 904
 2 11 25] 1 878
 2 11 22] 1 915
 2 11 21] 1 736
 2 11 19] 1 788
 2 11 18] 1 736
 2 11 17] 1 736
 2 11 16] 1 878
 2 11 14] 1 915
 2 11 13] 1 915
 2 10 42] 1 791
 2 10 41] 1 798
 2 10 39] 1 788
 2 10 36] 1 798
 2 10 35] 1 788
 2 10 33] 1 791
22 32 35] 1 916
 2 10 31] 1 791
 2 10 29] 1 788
 2 10 23] 1 745
 2 10 22] 1 798
 2 10 19] 1 788
 2 10 14] 1 798
22 31 45] 1 797
 2 10 11] 1 788
 2  9 43] 1 803
 2  9 30] 1 803
 2  9 26] 1 803
 2  9 23] 1 745
 2  9 14] 1 803
 2  9 12] 1 745
 2  9 10] 1 745
 2  8 45] 1 904
 2  8 44] 1 853
 2  8 43] 1 904
 2  8 32] 1 754
 2  8 31] 1 754
 2  8 29] 1 754
 2  8 27] 1 853
22 31 44] 1 851
 2  8 24] 1 754
 2  8 23] 1 853
 2  8 17] 1 754
 2  8 13] 1 853
 2  8 11] 1 904
22 31 43] 1 760
 2  7 42] 1 731
 2  7 39] 1 731
 2  7 38] 1 789
 2  7 36] 1 792
 2  7 29] 1 792
22 31 40] 1 851
22 30 39] 1 875
 2  7 16] 1 792
 2  7 13] 1 731
 2  7 12] 1 789
22 30 36] 1 875
22 30 33] 1 739
 2  6 39] 1 869
22 29 36] 1 897
22 29 35] 1 739
 2  6 36] 1 922
 2  6 34] 1 871
 2  6 33] 1 837
 2  6 31] 1 878
22 29 34] 1 739
 2  6 28] 1 837
22 29 33] 1 739
22 29 32] 1 748
22 29 31] 1 748
 2  6 22] 1 915
 2  6 21] 1 736
 2  6 20] 1 869
 2  6 19] 1 789
 2  6 18] 1 736
22 29 30] 1 739
 2  6 16] 1 878
 2  6 14] 1 915
22 28 45] 1 903
22 28 42] 1 847
22 28 41] 1 921
 2  6  8] 1 904
 2  6  7] 1 789
22 28 30] 1 847
22 27 43] 1 760
 2  5 31] 1 906
 2  5 30] 1 803
 2  5 28] 1 906
 2  5 27] 1 732
 2  5 26] 1 803
 2  5 20] 1 906
 2  5 17] 1 732
22 27 42] 1 760
 2  5  9] 1 803
22 27 31] 1 760
 2  4 39] 1 869
 2  4 37] 1 869
 2  4 33] 1 872
22 26 44] 1 851
 2  4 30] 1 872
22 26 43] 1 927 [+] 
 2  4 28] 1 840
22 26 42] 1 847
 2  4 20] 1 869
 2  4 17] 1 732
 2  4 11] 1 840
 2  4  6] 1 869
 2  4  5] 1 732
 2  3 45] 1 865
 2  3 43] 1 920
 2  3 41] 1 753
 2  3 37] 1 753
 2  3 34] 1 920
22 26 41] 1 927 [+] 
 2  3 32] 1 865
 2  3 31] 1 878
 2  3 29] 1 920
 2  3 26] 1 920
 2  3 25] 1 878
 2  3 24] 1 753
 2  3 23] 1 745
 2  3 22] 1 865
 2  3 19] 1 753
 2  3 17] 1 753
 2  3 16] 1 878
 2  3 15] 1 865
 2  3 12] 1 745
 2  3 11] 1 878
 2  3 10] 1 745
 2  3  9] 1 745
 2  3  6] 1 878
 1 42 43] 1 765
 1 40 45] 1 845
 1 40 41] 1 796
 1 39 45] 1 885
 1 39 43] 1 770
 1 38 39] 1 848
 1 36 41] 1 796
 1 36 40] 1 796
 1 35 39] 1 910
22 26 40] 1 851
22 26 38] 1 927 [+] 
 1 34 38] 1 848
 1 33 45] 1 845
 1 33 44] 1 757
 1 33 43] 1 765
 1 33 42] 1 765
 1 33 40] 1 845
 1 32 42] 1 874
 1 32 36] 1 804
 1 31 45] 1 885
22 26 36] 1 897
 1 31 35] 1 910
 1 29 45] 1 845
 1 29 44] 1 821
 1 29 40] 1 845
 1 29 37] 1 890
 1 29 33] 1 845
 1 28 45] 1 800
 1 28 42] 1 874
 1 28 41] 1 921
 1 28 32] 1 874
 1 27 45] 1 885
 1 27 43] 1 917
22 26 31] 1 851
 1 27 35] 1 910
 1 27 34] 1 917
22 26 30] 1 847
 1 26 45] 1 800
22 26 29] 1 897
 1 26 40] 1 796
22 26 28] 1 847
 1 26 32] 1 804
22 24 40] 1 867
 1 25 41] 1 893
 1 24 45] 1 885
 1 24 44] 1 821
 1 24 43] 1 917
 1 24 39] 1 885
 1 24 36] 1 750
 1 24 34] 1 917
 1 24 31] 1 885
 1 24 29] 1 821
22 24 38] 1 859
22 24 36] 1 764
 1 23 42] 1 874
 1 23 41] 1 893
 1 23 39] 1 770
22 24 35] 1 859
 1 23 32] 1 874
 1 23 28] 1 874
 1 23 27] 1 917
 1 23 25] 1 893
 1 23 24] 1 917
 1 22 41] 1 921
 1 22 39] 1 848
 1 22 38] 1 848
 1 22 34] 1 848
 1 22 28] 1 921
22 24 34] 1 764
 1 21 40] 1 796
 1 21 36] 1 796
22 24 25] 1 861
 1 20 35] 1 879
 1 19 42] 1 874
 1 19 36] 1 750
 1 19 32] 1 874
22 23 44] 1 908
 1 19 26] 1 836
 1 19 24] 1 750
 1 19 23] 1 874
 1 18 37] 1 890
 1 18 29] 1 890
 1 17 44] 1 757
 1 17 41] 1 893
 1 17 39] 1 910
 1 17 35] 1 910
 1 17 33] 1 757
 1 17 31] 1 910
 1 17 27] 1 910
 1 17 25] 1 893
 1 17 23] 1 893
 1 16 45] 1 845
 1 16 44] 1 821
 1 16 43] 1 812
 1 16 41] 1 762
 1 16 40] 1 845
 1 16 39] 1 848
 1 16 38] 1 848
 1 16 34] 1 848
 1 16 33] 1 845
22 23 43] 1 877
 1 16 26] 1 762
 1 16 24] 1 821
 1 16 22] 1 848
 1 16 21] 1 762
 1 15 42] 1 874
 1 15 41] 1 893
 1 15 36] 1 750
 1 15 35] 1 879
 1 15 32] 1 874
 1 15 28] 1 874
 1 15 25] 1 893
 1 15 24] 1 750
22 23 39] 1 784
 1 15 20] 1 879
22 23 31] 1 784
 1 15 17] 1 893
 1 14 43] 1 812
 1 14 37] 1 890
 1 14 35] 1 879
 1 14 29] 1 890
 1 14 28] 1 836
 1 14 26] 1 836
 1 14 20] 1 879
 1 14 19] 1 836
 1 14 18] 1 890
 1 14 16] 1 812
 1 14 15] 1 879
 1 13 44] 1 821
 1 13 36] 1 804
 1 13 32] 1 804
 1 13 29] 1 821
 1 13 26] 1 804
 1 13 24] 1 821
 1 13 16] 1 821
 1 12 45] 1 800
 1 12 44] 1 821
22 23 30] 1 908
 1 12 42] 1 765
22 23 24] 1 784
 1 12 39] 1 770
 1 12 36] 1 750
 1 12 34] 1 770
 1 12 33] 1 765
 1 12 29] 1 821
21 44 45] 1 741
21 42 45] 1 814
21 41 44] 1 743
21 40 44] 1 907
 1 12 22] 1 921
 1 12 21] 1 762
 1 12 19] 1 750
21 40 42] 1 870
 1 12 15] 1 750
 1 12 14] 1 812
 1 12 13] 1 821
 1 11 44] 1 757
 1 11 39] 1 910
 1 11 35] 1 910
 1 11 33] 1 757
 1 11 31] 1 910
 1 11 28] 1 836
 1 11 27] 1 910
 1 11 26] 1 836
 1 11 19] 1 836
21 40 41] 1 796
 1 11 14] 1 836
 1 10 45] 1 800
 1 10 43] 1 812
 1 10 41] 1 893
 1 10 36] 1 804
 1 10 35] 1 879
 1 10 32] 1 804
 1 10 28] 1 800
21 39 41] 1 766
 1 10 25] 1 893
21 38 45] 1 814
 1 10 20] 1 879
 1 10 17] 1 893
 1 10 16] 1 812
21 38 44] 1 907
21 38 43] 1 793
 1 10 13] 1 804
21 38 40] 1 907
 1  9 43] 1 770
 1  9 39] 1 770
 1  9 36] 1 804
 1  9 34] 1 770
 1  9 32] 1 804
 1  9 28] 1 836
21 37 44] 1 907
21 37 42] 1 898
 1  9 19] 1 836
 1  9 14] 1 836
 1  9 13] 1 804
21 37 41] 1 778
 1  9 11] 1 836
21 37 39] 1 899
 1  8 43] 1 765
 1  8 42] 1 765
 1  8 33] 1 765
 1  8 12] 1 765
 1  7 44] 1 757
 1  7 41] 1 921
 1  7 33] 1 757
 1  7 28] 1 921
 1  7 22] 1 921
 1  7 17] 1 757
 1  7 12] 1 921
 1  7 11] 1 757
 1  6 45] 1 845
 1  6 44] 1 757
 1  6 40] 1 845
 1  6 37] 1 890
21 37 38] 1 907
21 36 40] 1 796
 1  6 18] 1 890
 1  6 17] 1 757
 1  6 16] 1 845
 1  6 14] 1 890
 1  6 11] 1 757
 1  6  7] 1 757
21 36 37] 1 778
 1  5 40] 1 796
 1  5 36] 1 796
 1  5 28] 1 921
 1  5 26] 1 796
 1  5 22] 1 921
 1  5 21] 1 796
 1  5 12] 1 921
 1  5  7] 1 921
 1  4 45] 1 800
 1  4 37] 1 890
 1  4 35] 1 879
 1  4 29] 1 890
 1  4 28] 1 800
 1  4 26] 1 800
 1  4 20] 1 879
 1  4 18] 1 890
 1  4 15] 1 879
21 35 44] 1 773
 1  4 12] 1 800
21 35 38] 1 793
 1  4  6] 1 890
 1  3 45] 1 885
21 34 45] 1 741
 1  3 42] 1 765
 1  3 41] 1 762
 1  3 39] 1 885
 1  3 34] 1 917
 1  3 33] 1 765
 1  3 31] 1 885
21 34 43] 1 744
 1  3 26] 1 762
21 34 39] 1 766
21 34 37] 1 777
 1  3 21] 1 762
21 34 35] 1 766
 1  3 14] 1 812
21 33 39] 1 899
21 33 38] 1 825
 1  3  9] 1 745
 1  3  8] 1 765
 1  2 39] 1 848
 1  2 38] 1 848
 1  2 36] 1 750
 1  2 34] 1 848
 1  2 24] 1 750
 1  2 23] 1 745
 1  2 22] 1 848
 1  2 19] 1 750
 1  2 16] 1 848
 1  2 15] 1 750
21 33 37] 1 899
 1  2 10] 1 745
 1  2  9] 1 745
 1  2  3] 1 745
