Pair4_bonus.txt
17 24 40 41] 2 867
21 27 37 40] 2 913
19 23 28 42] 2 886
17 19 22 24] 2 867
26 38 39 42] 2 889
10 34 38 43] 2 862
16 33 40 45] 2 845
 9 19 31 39] 2 891
 9 18 20 27] 2 881
23 28 37 45] 2 886
19 30 36 39] 2 902
16 24 33 42] 2 914
17 41 43 44] 2 868
 7 24 29 34] 2 909
 7 19 23 24] 2 902
 6 21 22 35] 2 916
 5 11 14 33] 2 841
 4 18 27 32] 2 881
 4  9 18 26] 2 892
 3 25 32 36] 2 864
 3 13 38 39] 2 889
 3 13 29 39] 2 889
 3  9 12 13] 2 839
 3  5 13 39] 2 873
 2 15 22 45] 2 903
 2  4 29 43] 2 872
 1 27 31 39] 2 910
 1  3 24 27] 2 917 [+]
34 39 43 44] 1 882
34 38 42 43] 1 862
34 38 40 43] 1 862
34 38 40 42] 1 862
34 36 39 44] 1 875
33 38 40 45] 1 819
32 41 43 45] 1 894
32 40 43 45] 1 894
32 40 42 43] 1 862
32 40 41 45] 1 894
32 40 41 43] 1 894
32 38 42 43] 1 862
32 38 40 43] 1 862
32 38 40 42] 1 862
32 38 39 43] 1 858
32 38 39 42] 1 842
32 37 43 45] 1 894
32 37 41 45] 1 894
32 37 41 43] 1 894
32 37 40 45] 1 894
32 37 40 43] 1 894
32 37 40 41] 1 894
32 36 39 42] 1 842
32 36 38 42] 1 842
32 36 38 39] 1 842
32 34 42 43] 1 862
32 34 40 43] 1 862
32 34 40 42] 1 862
32 34 38 43] 1 862
32 34 38 42] 1 862
32 34 38 40] 1 862
32 33 37 44] 1 883
31 38 39 41] 1 895
31 35 43 45] 1 829
31 33 38 42] 1 825
31 32 40 42] 1 870
31 32 36 43] 1 854
31 32 34 38] 1 888
30 41 43 45] 1 846
30 39 41 42] 1 833
30 36 39 44] 1 875
30 34 39 44] 1 875
30 34 36 44] 1 875
30 34 36 39] 1 875
30 33 34 42] 1 843
30 33 34 35] 1 909
30 32 40 42] 1 870
30 32 33 43] 1 872
30 31 40 42] 1 870
30 31 32 42] 1 870
30 31 32 40] 1 870
29 38 40 44] 1 907
29 38 39 42] 1 889
29 37 40 44] 1 907
29 37 38 44] 1 907
29 37 38 40] 1 907
29 35 43 45] 1 829
29 34 37 39] 1 866
29 33 40 45] 1 845
29 33 34 35] 1 909
29 32 33 43] 1 872
29 31 43 45] 1 829
29 31 35 45] 1 829
29 31 35 43] 1 829
29 30 34 35] 1 909
29 30 33 43] 1 872
29 30 33 35] 1 909
29 30 33 34] 1 909
29 30 32 43] 1 872
29 30 32 33] 1 872
28 41 43 44] 1 868
28 37 42 45] 1 886
28 35 39 43] 1 863
28 35 38 45] 1 835
28 35 37 42] 1 898
28 34 38 43] 1 857
28 31 39 41] 1 891
28 30 33 45] 1 837
28 30 33 35] 1 852
27 38 40 44] 1 907
27 37 40 44] 1 907
27 37 38 44] 1 907
27 37 38 40] 1 907
27 33 42 44] 1 914
27 31 39 45] 1 885
27 31 35 39] 1 910
27 29 40 44] 1 907
27 29 38 44] 1 907
27 29 38 40] 1 907
27 29 37 44] 1 907
27 29 37 40] 1 907
27 29 37 38] 1 907
27 28 29 43] 1 840
26 38 39 41] 1 895
26 36 39 42] 1 842
26 36 38 42] 1 842
26 36 38 39] 1 842
26 32 39 42] 1 842
26 32 38 42] 1 842
26 32 38 39] 1 842
26 32 36 42] 1 842
26 32 36 39] 1 842
26 32 36 38] 1 842
26 31 40 44] 1 851
26 31 39 41] 1 895
26 31 38 41] 1 895
26 31 38 39] 1 895
26 30 40 43] 1 832
26 30 34 38] 1 871
26 29 39 42] 1 889
26 29 38 42] 1 889
26 29 38 39] 1 889
26 29 34 38] 1 824
26 28 30 42] 1 847
25 41 43 44] 1 868
25 38 40 45] 1 819
25 33 40 45] 1 819
25 33 38 45] 1 819
25 33 38 40] 1 819
25 33 36 42] 1 826
25 32 40 42] 1 870
25 32 36 43] 1 854
25 31 40 42] 1 870
25 31 36 43] 1 854
25 31 32 43] 1 854
25 31 32 42] 1 870
25 31 32 40] 1 870
25 31 32 36] 1 854
25 30 40 42] 1 870
25 30 33 45] 1 837
25 30 32 42] 1 870
25 30 32 40] 1 870
25 30 31 42] 1 870
25 30 31 40] 1 870
25 30 31 32] 1 870
25 28 43 44] 1 868
25 28 41 44] 1 868
25 28 41 43] 1 868
25 28 33 45] 1 837
25 28 30 45] 1 837
25 28 30 33] 1 837
25 28 29 30] 1 818
25 27 32 42] 1 860
25 26 38 45] 1 896
24 41 43 44] 1 856
24 40 43 44] 1 856
24 40 41 44] 1 856
24 40 41 43] 1 856
24 38 39 41] 1 859
24 35 39 41] 1 859
24 35 38 41] 1 859
24 35 38 39] 1 859
24 33 42 44] 1 914
24 33 36 42] 1 826
24 33 34 35] 1 909
24 31 39 45] 1 885
24 30 36 39] 1 902
24 30 34 35] 1 909
24 30 33 38] 1 841
24 30 33 35] 1 909
24 30 33 34] 1 909
24 29 34 38] 1 824
24 29 34 35] 1 909
24 29 33 35] 1 909
24 29 33 34] 1 909
24 29 30 35] 1 909
24 29 30 34] 1 909
24 29 30 33] 1 909
24 28 36 39] 1 850
24 27 42 44] 1 914
24 27 39 45] 1 885
24 27 34 43] 1 917 [+]
24 27 33 44] 1 914
24 27 33 42] 1 914
24 27 31 45] 1 885
24 27 31 39] 1 885
24 26 39 40] 1 823
24 26 34 42] 1 876
24 26 34 38] 1 824
24 26 29 38] 1 824
24 26 29 34] 1 824
24 25 36 42] 1 826
24 25 33 42] 1 826
24 25 33 36] 1 826
23 43 44 45] 1 882
23 39 44 45] 1 882
23 39 43 45] 1 882
23 39 43 44] 1 882
23 38 39 43] 1 858
23 38 39 41] 1 895
23 37 42 45] 1 886
23 34 44 45] 1 882
23 34 43 45] 1 882
23 34 43 44] 1 882
23 34 39 45] 1 882
23 34 39 44] 1 882
23 34 39 43] 1 882
23 32 39 43] 1 858
23 32 38 43] 1 858
23 32 38 39] 1 858
23 31 39 41] 1 895
23 31 38 41] 1 895
23 31 38 39] 1 895
23 30 36 39] 1 902
23 28 42 45] 1 886
23 28 37 42] 1 886
23 28 32 42] 1 874
23 27 34 43] 1 917 [+]
23 26 39 41] 1 895
23 26 38 45] 1 896
23 26 38 41] 1 895
23 26 38 39] 1 895
23 26 31 41] 1 895
23 26 31 39] 1 895
23 26 31 38] 1 895
23 26 27 44] 1 853
23 25 38 45] 1 896
23 25 26 45] 1 896
23 25 26 38] 1 896
23 24 38 45] 1 880
23 24 36 39] 1 902
23 24 34 43] 1 917 [+]
23 24 30 39] 1 902
23 24 30 36] 1 902
23 24 27 43] 1 917 [+]
23 24 27 34] 1 917 [+]
22 38 39 41] 1 859
22 36 39 44] 1 875
22 35 39 41] 1 859
22 35 38 41] 1 859
22 35 38 39] 1 859
22 34 39 44] 1 875
22 34 38 39] 1 848
22 34 36 44] 1 875
22 34 36 39] 1 875
22 33 37 44] 1 883
22 32 37 44] 1 883
22 32 35 36] 1 916
22 32 33 45] 1 865
22 32 33 44] 1 883
22 32 33 37] 1 883
22 31 40 44] 1 851
22 30 39 44] 1 875
22 30 36 44] 1 875
22 30 36 39] 1 875
22 30 35 42] 1 820
22 30 34 44] 1 875
22 30 34 39] 1 875
22 30 34 36] 1 875
22 28 30 42] 1 847
22 26 40 44] 1 851
22 26 31 44] 1 851
22 26 31 40] 1 851
22 26 30 42] 1 847
22 26 29 36] 1 897
22 26 28 42] 1 847
22 26 28 30] 1 847
22 24 40 41] 1 867
22 24 39 41] 1 859
22 24 38 41] 1 859
22 24 38 39] 1 859
22 24 35 41] 1 859
22 24 35 39] 1 859
22 24 35 38] 1 859
22 23 30 44] 1 908
21 38 40 44] 1 907
21 37 40 44] 1 907
21 37 38 44] 1 907
21 37 38 40] 1 907
21 35 39 43] 1 863
21 35 37 42] 1 898
21 33 38 42] 1 825
21 33 37 39] 1 899
21 33 34 42] 1 843
21 32 40 42] 1 870
21 32 35 36] 1 916
21 31 40 42] 1 870
21 31 38 42] 1 825
21 31 33 42] 1 825
21 31 33 38] 1 825
21 31 32 42] 1 870
21 31 32 40] 1 870
21 30 40 42] 1 870
21 30 35 42] 1 820
21 30 34 42] 1 843
21 30 33 42] 1 843
21 30 33 34] 1 843
21 30 32 42] 1 870
21 30 32 40] 1 870
21 30 31 42] 1 870
21 30 31 40] 1 870
21 30 31 32] 1 870
21 29 40 44] 1 907
21 29 38 44] 1 907
21 29 38 40] 1 907
21 29 37 44] 1 907
21 29 37 40] 1 907
21 29 37 38] 1 907
21 28 39 43] 1 863
21 28 37 42] 1 898
21 28 35 43] 1 863
21 28 35 42] 1 898
21 28 35 39] 1 863
21 28 35 37] 1 898
21 27 40 44] 1 907
21 27 38 44] 1 907
21 27 38 40] 1 907
21 27 37 44] 1 907
21 27 37 38] 1 907
21 27 29 44] 1 907
21 27 29 40] 1 907
21 27 29 38] 1 907
21 27 29 37] 1 907
21 26 34 42] 1 876
21 25 40 42] 1 870
21 25 32 42] 1 870
21 25 32 40] 1 870
21 25 31 42] 1 870
21 25 31 40] 1 870
21 25 31 32] 1 870
21 25 30 42] 1 870
21 25 30 40] 1 870
21 25 30 32] 1 870
21 25 30 31] 1 870
21 24 34 42] 1 876
21 24 26 42] 1 876
21 24 26 34] 1 876
21 23 30 44] 1 908
21 23 30 34] 1 901
21 22 35 42] 1 820
21 22 35 36] 1 916
21 22 32 36] 1 916
21 22 32 35] 1 916
21 22 30 44] 1 908
21 22 30 42] 1 820
21 22 30 35] 1 820
21 22 28 45] 1 903
21 22 24 25] 1 861
21 22 23 44] 1 908
21 22 23 30] 1 908
20 33 37 39] 1 899
20 33 36 38] 1 838
20 32 36 43] 1 854
20 31 36 43] 1 854
20 31 32 43] 1 854
20 31 32 36] 1 854
20 28 36 39] 1 850
20 28 31 32] 1 906
20 27 38 40] 1 905
20 27 37 39] 1 869
20 26 27 32] 1 881
20 25 36 43] 1 854
20 25 32 43] 1 854
20 25 32 36] 1 854
20 25 31 43] 1 854
20 25 31 36] 1 854
20 25 31 32] 1 854
20 24 36 39] 1 850
20 24 28 39] 1 850
20 24 28 36] 1 850
20 24 27 36] 1 822
20 23 30 34] 1 901
20 21 37 39] 1 899
20 21 33 39] 1 899
20 21 33 37] 1 899
20 21 30 34] 1 901
20 21 23 34] 1 901
20 21 23 30] 1 901
19 41 43 45] 1 894
19 40 43 45] 1 894
19 40 41 45] 1 894
19 40 41 43] 1 894
19 39 41 42] 1 833
19 37 43 45] 1 894
19 37 42 45] 1 886
19 37 41 45] 1 894
19 37 41 43] 1 894
19 37 40 45] 1 894
19 37 40 43] 1 894
19 37 40 41] 1 894
19 36 39 44] 1 875
19 34 39 44] 1 875
19 34 36 44] 1 875
19 34 36 39] 1 875
19 33 42 44] 1 914
19 33 37 39] 1 899
19 33 34 42] 1 843
19 32 43 45] 1 894
19 32 41 45] 1 894
19 32 41 43] 1 894
19 32 40 45] 1 894
19 32 40 43] 1 894
19 32 40 41] 1 894
19 32 37 45] 1 894
19 32 37 43] 1 894
19 32 37 41] 1 894
19 32 37 40] 1 894
19 31 39 41] 1 891
19 30 41 42] 1 833
19 30 40 43] 1 832
19 30 39 44] 1 875
19 30 39 42] 1 833
19 30 39 41] 1 833
19 30 36 44] 1 875
19 30 34 44] 1 875
19 30 34 42] 1 843
19 30 34 39] 1 875
19 30 34 36] 1 875
19 30 33 42] 1 843
19 30 33 34] 1 843
19 28 42 45] 1 886
19 28 39 41] 1 891
19 28 37 45] 1 886
19 28 37 42] 1 886
19 28 32 42] 1 874
19 28 31 41] 1 891
19 28 31 39] 1 891
19 27 42 44] 1 914
19 27 33 44] 1 914
19 27 33 42] 1 914
19 26 40 43] 1 832
19 26 30 43] 1 832
19 26 30 40] 1 832
19 24 42 44] 1 914
19 24 40 41] 1 867
19 24 38 45] 1 880
19 24 36 39] 1 902
19 24 33 44] 1 914
19 24 33 42] 1 914
19 24 30 39] 1 902
19 24 30 36] 1 902
19 24 27 44] 1 914
19 24 27 42] 1 914
19 24 27 33] 1 914
19 23 42 45] 1 886
19 23 38 45] 1 880
19 23 37 45] 1 886
19 23 37 42] 1 886
19 23 36 39] 1 902
19 23 32 42] 1 874
19 23 30 39] 1 902
19 23 30 36] 1 902
19 23 28 45] 1 886
19 23 28 37] 1 886
19 23 28 32] 1 874
19 23 24 45] 1 880
19 23 24 39] 1 902
19 23 24 38] 1 880
19 23 24 36] 1 902
19 23 24 30] 1 902
19 22 40 41] 1 867
19 22 39 44] 1 875
19 22 36 44] 1 875
19 22 36 39] 1 875
19 22 34 44] 1 875
19 22 34 39] 1 875
19 22 34 36] 1 875
19 22 30 44] 1 875
19 22 30 39] 1 875
19 22 30 36] 1 875
19 22 30 34] 1 875
19 22 24 41] 1 867
19 22 24 40] 1 867
19 22 24 25] 1 861
19 21 37 39] 1 899
19 21 34 42] 1 843
19 21 33 42] 1 843
19 21 33 39] 1 899
19 21 33 37] 1 899
19 21 33 34] 1 843
19 21 30 42] 1 843
19 21 30 34] 1 843
19 21 30 33] 1 843
19 21 24 25] 1 861
19 21 22 25] 1 861
19 21 22 24] 1 861
19 20 37 39] 1 899
19 20 33 39] 1 899
19 20 33 37] 1 899
19 20 21 39] 1 899
19 20 21 37] 1 899
19 20 21 33] 1 899
18 43 44 45] 1 882
18 41 43 45] 1 846
18 39 44 45] 1 882
18 39 43 45] 1 882
18 39 43 44] 1 882
18 39 41 42] 1 833
18 35 42 43] 1 834
18 35 37 42] 1 898
18 34 44 45] 1 882
18 34 43 45] 1 882
18 34 43 44] 1 882
18 34 39 45] 1 882
18 34 39 44] 1 882
18 34 39 43] 1 882
18 33 37 44] 1 883
18 32 37 44] 1 883
18 32 33 44] 1 883
18 32 33 37] 1 883
18 31 40 44] 1 851
18 30 43 45] 1 846
18 30 41 45] 1 846
18 30 41 43] 1 846
18 30 41 42] 1 833
18 30 39 42] 1 833
18 30 39 41] 1 833
18 29 31 39] 1 828
18 28 37 42] 1 898
18 28 35 42] 1 898
18 28 35 37] 1 898
18 27 32 42] 1 860
18 26 40 44] 1 851
18 26 39 40] 1 823
18 26 36 42] 1 892
18 26 31 44] 1 851
18 26 31 40] 1 851
18 26 27 32] 1 881
18 25 32 42] 1 860
18 25 27 42] 1 860
18 25 27 32] 1 860
18 24 39 40] 1 823
18 24 27 36] 1 822
18 24 26 40] 1 823
18 24 26 39] 1 823
18 23 44 45] 1 882
18 23 43 45] 1 882
18 23 43 44] 1 882
18 23 39 45] 1 882
18 23 39 44] 1 882
18 23 39 43] 1 882
18 23 34 45] 1 882
18 23 34 44] 1 882
18 23 34 43] 1 882
18 23 34 39] 1 882
18 23 30 34] 1 901
18 22 40 44] 1 851
18 22 37 44] 1 883
18 22 33 44] 1 883
18 22 33 37] 1 883
18 22 32 44] 1 883
18 22 32 37] 1 883
18 22 32 33] 1 883
18 22 31 44] 1 851
18 22 31 40] 1 851
18 22 26 44] 1 851
18 22 26 40] 1 851
18 22 26 31] 1 851
18 22 23 43] 1 877
18 21 37 42] 1 898
18 21 35 42] 1 898
18 21 35 37] 1 898
18 21 30 34] 1 901
18 21 28 42] 1 898
18 21 28 37] 1 898
18 21 28 35] 1 898
18 21 23 34] 1 901
18 21 23 30] 1 901
18 21 22 38] 1 912
18 20 30 34] 1 901
18 20 27 36] 1 822
18 20 27 32] 1 881
18 20 26 32] 1 881
18 20 26 27] 1 881
18 20 24 36] 1 822
18 20 24 27] 1 822
18 20 23 34] 1 901
18 20 23 30] 1 901
18 20 21 34] 1 901
18 20 21 30] 1 901
18 20 21 23] 1 901
18 19 41 42] 1 833
18 19 39 42] 1 833
18 19 39 41] 1 833
18 19 30 42] 1 833
18 19 30 41] 1 833
18 19 30 39] 1 833
17 40 43 44] 1 856
17 40 41 44] 1 856
17 40 41 43] 1 856
17 35 37 42] 1 898
17 33 36 38] 1 838
17 32 35 36] 1 916
17 31 35 39] 1 910
17 30 33 35] 1 852
17 29 34 39] 1 849
17 28 43 44] 1 868
17 28 41 44] 1 868
17 28 41 43] 1 868
17 28 37 45] 1 884
17 28 37 42] 1 898
17 28 35 42] 1 898
17 28 35 37] 1 898
17 28 33 35] 1 852
17 28 30 35] 1 852
17 28 30 33] 1 852
17 27 36 45] 1 887
17 27 35 39] 1 910
17 27 31 39] 1 910
17 27 31 35] 1 910
17 26 36 42] 1 892
17 25 43 44] 1 868
17 25 41 44] 1 868
17 25 41 43] 1 868
17 25 28 44] 1 868
17 25 28 43] 1 868
17 25 28 41] 1 868
17 24 43 44] 1 856
17 24 41 44] 1 856
17 24 41 43] 1 856
17 24 40 44] 1 856
17 24 40 43] 1 856
17 24 38 45] 1 880
17 23 38 45] 1 880
17 23 37 45] 1 884
17 23 28 45] 1 884
17 23 28 37] 1 884
17 23 25 41] 1 893
17 23 24 45] 1 880
17 23 24 38] 1 880
17 22 40 41] 1 867
17 22 35 36] 1 916
17 22 32 36] 1 916
17 22 32 35] 1 916
17 22 24 41] 1 867
17 22 24 40] 1 867
17 22 24 25] 1 861
17 22 23 43] 1 877
17 21 37 42] 1 898
17 21 35 42] 1 898
17 21 35 37] 1 898
17 21 35 36] 1 916
17 21 32 36] 1 916
17 21 32 35] 1 916
17 21 28 42] 1 898
17 21 28 37] 1 898
17 21 28 35] 1 898
17 21 24 25] 1 861
17 21 22 36] 1 916
17 21 22 35] 1 916
17 21 22 32] 1 916
17 21 22 25] 1 861
17 21 22 24] 1 861
17 20 36 38] 1 838
17 20 33 38] 1 838
17 20 33 36] 1 838
17 19 43 44] 1 855
17 19 40 41] 1 867
17 19 38 45] 1 880
17 19 24 45] 1 880
17 19 24 41] 1 867
17 19 24 40] 1 867
17 19 24 38] 1 880
17 19 24 25] 1 861
17 19 23 45] 1 880
17 19 23 38] 1 880
17 19 23 24] 1 880
17 19 22 41] 1 867
17 19 22 40] 1 867
17 19 22 25] 1 861
17 19 21 25] 1 861
17 19 21 24] 1 861
17 19 21 22] 1 861
17 18 37 42] 1 898
17 18 37 38] 1 830
17 18 36 42] 1 892
17 18 35 42] 1 898
17 18 35 37] 1 898
17 18 28 42] 1 898
17 18 28 37] 1 898
17 18 28 35] 1 898
17 18 26 42] 1 892
17 18 26 36] 1 892
17 18 23 43] 1 877
17 18 22 43] 1 877
17 18 22 23] 1 877
17 18 21 42] 1 898
17 18 21 37] 1 898
17 18 21 35] 1 898
17 18 21 28] 1 898
16 38 40 45] 1 819
16 38 39 41] 1 895
16 35 39 43] 1 863
16 34 38 43] 1 857
16 34 38 39] 1 848
16 33 42 44] 1 914
16 33 38 45] 1 819
16 33 38 40] 1 819
16 33 36 42] 1 826
16 31 39 41] 1 895
16 31 38 41] 1 895
16 31 38 39] 1 895
16 29 40 45] 1 845
16 29 33 45] 1 845
16 29 33 40] 1 845
16 28 39 43] 1 863
16 28 38 43] 1 857
16 28 36 39] 1 850
16 28 35 43] 1 863
16 28 35 39] 1 863
16 28 34 43] 1 857
16 28 34 38] 1 857
16 28 30 42] 1 847
16 27 42 44] 1 914
16 27 38 40] 1 905
16 27 37 40] 1 913
16 27 33 44] 1 914
16 27 33 42] 1 914
16 26 39 41] 1 895
16 26 38 41] 1 895
16 26 38 39] 1 895
16 26 34 42] 1 876
16 26 31 41] 1 895
16 26 31 39] 1 895
16 26 31 38] 1 895
16 26 30 42] 1 847
16 26 28 42] 1 847
16 26 28 30] 1 847
16 25 40 45] 1 819
16 25 38 45] 1 819
16 25 38 40] 1 819
16 25 36 42] 1 826
16 25 33 45] 1 819
16 25 33 42] 1 826
16 25 33 40] 1 819
16 25 33 38] 1 819
16 25 33 36] 1 826
16 24 42 44] 1 914
16 24 36 42] 1 826
16 24 36 39] 1 850
16 24 34 42] 1 876
16 24 33 44] 1 914
16 24 33 36] 1 826
16 24 29 44] 1 821
16 24 28 39] 1 850
16 24 28 36] 1 850
16 24 27 44] 1 914
16 24 27 42] 1 914
16 24 27 33] 1 914
16 24 26 42] 1 876
16 24 26 34] 1 876
16 24 25 42] 1 826
16 24 25 36] 1 826
16 24 25 33] 1 826
16 23 39 41] 1 895
16 23 38 41] 1 895
16 23 38 39] 1 895
16 23 31 41] 1 895
16 23 31 39] 1 895
16 23 31 38] 1 895
16 23 30 44] 1 908
16 23 26 41] 1 895
16 23 26 39] 1 895
16 23 26 38] 1 895
16 23 26 31] 1 895
16 22 38 39] 1 848
16 22 34 39] 1 848
16 22 34 38] 1 848
16 22 30 44] 1 908
16 22 30 42] 1 847
16 22 28 45] 1 903
16 22 28 42] 1 847
16 22 28 30] 1 847
16 22 26 42] 1 847
16 22 26 30] 1 847
16 22 26 28] 1 847
16 22 23 44] 1 908
16 22 23 30] 1 908
16 21 39 43] 1 863
16 21 37 40] 1 913
16 21 35 43] 1 863
16 21 35 39] 1 863
16 21 34 42] 1 876
16 21 30 44] 1 908
16 21 28 45] 1 903
16 21 28 43] 1 863
16 21 28 39] 1 863
16 21 28 35] 1 863
16 21 27 40] 1 913
16 21 27 37] 1 913
16 21 26 42] 1 876
16 21 26 34] 1 876
16 21 24 42] 1 876
16 21 24 34] 1 876
16 21 24 26] 1 876
16 21 23 44] 1 908
16 21 23 30] 1 908
16 21 22 45] 1 903
16 21 22 44] 1 908
16 21 22 30] 1 908
16 21 22 28] 1 903
16 21 22 23] 1 908
16 20 38 40] 1 905
16 20 36 39] 1 850
16 20 28 39] 1 850
16 20 28 36] 1 850
16 20 27 40] 1 905
16 20 27 38] 1 905
16 20 24 39] 1 850
16 20 24 36] 1 850
16 20 24 28] 1 850
16 19 42 44] 1 914
16 19 33 44] 1 914
16 19 33 42] 1 914
16 19 31 39] 1 831
16 19 27 44] 1 914
16 19 27 42] 1 914
16 19 27 33] 1 914
16 19 24 44] 1 914
16 19 24 42] 1 914
16 19 24 33] 1 914
16 19 24 27] 1 914
16 18 37 38] 1 830
16 18 35 38] 1 900
16 17 37 38] 1 830
16 17 18 38] 1 830
16 17 18 37] 1 830
15 38 40 45] 1 819
15 34 37 39] 1 866
15 33 40 45] 1 819
15 33 38 45] 1 819
15 33 38 42] 1 825
15 33 38 40] 1 819
15 32 33 45] 1 865
15 31 38 42] 1 825
15 31 33 42] 1 825
15 31 33 38] 1 825
15 29 37 39] 1 866
15 29 34 39] 1 866
15 29 34 37] 1 866
15 28 32 42] 1 874
15 28 29 30] 1 818
15 26 39 40] 1 823
15 25 40 45] 1 819
15 25 38 45] 1 819
15 25 38 40] 1 819
15 25 33 45] 1 819
15 25 33 40] 1 819
15 25 33 38] 1 819
15 25 29 30] 1 818
15 25 28 30] 1 818
15 25 28 29] 1 818
15 24 39 40] 1 823
15 24 26 40] 1 823
15 24 26 39] 1 823
15 23 32 42] 1 874
15 23 28 42] 1 874
15 23 28 32] 1 874
15 23 25 41] 1 893
15 22 33 45] 1 865
15 22 32 45] 1 865
15 22 32 33] 1 865
15 22 28 45] 1 903
15 21 38 42] 1 825
15 21 33 42] 1 825
15 21 33 38] 1 825
15 21 31 42] 1 825
15 21 31 38] 1 825
15 21 31 33] 1 825
15 21 28 45] 1 903
15 21 22 45] 1 903
15 21 22 28] 1 903
15 19 43 44] 1 855
15 19 32 42] 1 874
15 19 28 42] 1 874
15 19 28 32] 1 874
15 19 23 42] 1 874
15 19 23 32] 1 874
15 19 23 28] 1 874
15 18 39 40] 1 823
15 18 33 45] 1 844
15 18 26 40] 1 823
15 18 26 39] 1 823
15 18 24 40] 1 823
15 18 24 39] 1 823
15 18 24 26] 1 823
15 17 43 44] 1 855
15 17 25 41] 1 893
15 17 23 41] 1 893
15 17 23 25] 1 893
15 17 19 44] 1 855
15 17 19 43] 1 855
15 16 40 45] 1 819
15 16 38 45] 1 819
15 16 38 40] 1 819
15 16 33 45] 1 819
15 16 33 40] 1 819
15 16 33 38] 1 819
15 16 28 45] 1 903
15 16 25 45] 1 819
15 16 25 40] 1 819
15 16 25 38] 1 819
15 16 25 33] 1 819
15 16 22 45] 1 903
15 16 22 28] 1 903
15 16 21 45] 1 903
15 16 21 28] 1 903
15 16 21 22] 1 903
14 38 39 42] 1 842
14 36 39 42] 1 842
14 36 38 42] 1 842
14 36 38 39] 1 842
14 33 36 38] 1 838
14 32 39 42] 1 842
14 32 38 42] 1 842
14 32 38 39] 1 842
14 32 36 42] 1 842
14 32 36 39] 1 842
14 32 36 38] 1 842
14 32 35 42] 1 911
14 31 40 44] 1 851
14 30 40 43] 1 832
14 30 33 38] 1 841
14 29 33 44] 1 827
14 28 37 45] 1 884
14 28 31 32] 1 906
14 28 29 30] 1 818
14 27 37 40] 1 913
14 27 36 45] 1 887
14 26 40 44] 1 851
14 26 40 43] 1 832
14 26 39 42] 1 842
14 26 38 42] 1 842
14 26 38 39] 1 842
14 26 36 42] 1 842
14 26 36 39] 1 842
14 26 36 38] 1 842
14 26 32 42] 1 842
14 26 32 39] 1 842
14 26 32 38] 1 842
14 26 32 36] 1 842
14 26 31 44] 1 851
14 26 31 40] 1 851
14 26 30 43] 1 832
14 26 30 40] 1 832
14 25 29 30] 1 818
14 25 28 30] 1 818
14 25 28 29] 1 818
14 24 40 41] 1 867
14 24 33 38] 1 841
14 24 30 38] 1 841
14 24 30 33] 1 841
14 23 37 45] 1 884
14 23 28 45] 1 884
14 23 28 37] 1 884
14 22 40 44] 1 851
14 22 40 41] 1 867
14 22 31 44] 1 851
14 22 31 40] 1 851
14 22 26 44] 1 851
14 22 26 40] 1 851
14 22 26 31] 1 851
14 22 24 41] 1 867
14 22 24 40] 1 867
14 21 37 40] 1 913
14 21 27 40] 1 913
14 21 27 37] 1 913
14 20 36 38] 1 838
14 20 33 38] 1 838
14 20 33 36] 1 838
14 20 31 32] 1 906
14 20 28 32] 1 906
14 20 28 31] 1 906
14 19 40 43] 1 832
14 19 40 41] 1 867
14 19 30 43] 1 832
14 19 30 40] 1 832
14 19 26 43] 1 832
14 19 26 40] 1 832
14 19 26 30] 1 832
14 19 26 28] 1 836
14 19 24 41] 1 867
14 19 24 40] 1 867
14 19 22 41] 1 867
14 19 22 40] 1 867
14 19 22 24] 1 867
14 18 40 44] 1 851
14 18 35 38] 1 900
14 18 31 44] 1 851
14 18 31 40] 1 851
14 18 29 37] 1 890
14 18 26 44] 1 851
14 18 26 40] 1 851
14 18 26 31] 1 851
14 18 22 44] 1 851
14 18 22 40] 1 851
14 18 22 31] 1 851
14 18 22 26] 1 851
14 17 40 41] 1 867
14 17 37 45] 1 884
14 17 36 45] 1 887
14 17 36 38] 1 838
14 17 33 38] 1 838
14 17 33 36] 1 838
14 17 28 45] 1 884
14 17 28 37] 1 884
14 17 27 45] 1 887
14 17 27 36] 1 887
14 17 24 41] 1 867
14 17 24 40] 1 867
14 17 23 45] 1 884
14 17 23 37] 1 884
14 17 23 28] 1 884
14 17 22 41] 1 867
14 17 22 40] 1 867
14 17 22 24] 1 867
14 17 20 38] 1 838
14 17 20 36] 1 838
14 17 20 33] 1 838
14 17 19 41] 1 867
14 17 19 40] 1 867
14 17 19 24] 1 867
14 17 19 22] 1 867
14 16 37 40] 1 913
14 16 35 38] 1 900
14 16 27 40] 1 913
14 16 27 37] 1 913
14 16 21 40] 1 913
14 16 21 37] 1 913
14 16 21 27] 1 913
14 16 18 38] 1 900
14 16 18 35] 1 900
14 15 29 30] 1 818
14 15 28 30] 1 818
14 15 28 29] 1 818
14 15 25 30] 1 818
14 15 25 29] 1 818
14 15 25 28] 1 818
14 15 20 35] 1 879
13 41 43 45] 1 846
13 38 39 43] 1 858
13 38 39 42] 1 889
13 35 38 45] 1 835
13 33 38 39] 1 873
13 33 36 42] 1 826
13 32 39 43] 1 858
13 32 38 43] 1 858
13 32 38 39] 1 858
13 31 39 41] 1 891
13 30 43 45] 1 846
13 30 41 45] 1 846
13 30 41 43] 1 846
13 30 40 43] 1 832
13 29 39 42] 1 889
13 29 38 42] 1 889
13 29 38 39] 1 889
13 29 34 39] 1 849
13 29 31 39] 1 828
13 28 39 41] 1 891
13 28 38 45] 1 835
13 28 35 45] 1 835
13 28 35 38] 1 835
13 28 31 41] 1 891
13 28 31 39] 1 891
13 26 40 43] 1 832
13 26 39 42] 1 889
13 26 38 42] 1 889
13 26 38 39] 1 889
13 26 30 43] 1 832
13 26 30 40] 1 832
13 26 29 42] 1 889
13 26 29 39] 1 889
13 26 29 38] 1 889
13 26 27 44] 1 853
13 25 36 42] 1 826
13 25 34 43] 1 817
13 25 33 42] 1 826
13 25 33 36] 1 826
13 25 32 36] 1 864
13 24 36 42] 1 826
13 24 33 42] 1 826
13 24 33 36] 1 826
13 24 29 44] 1 821
13 24 25 42] 1 826
13 24 25 36] 1 826
13 24 25 33] 1 826
13 23 39 43] 1 858
13 23 38 43] 1 858
13 23 38 39] 1 858
13 23 32 43] 1 858
13 23 32 39] 1 858
13 23 32 38] 1 858
13 23 27 44] 1 853
13 23 26 44] 1 853
13 23 26 27] 1 853
13 19 40 43] 1 832
13 19 39 41] 1 891
13 19 31 41] 1 891
13 19 31 39] 1 891
13 19 30 43] 1 832
13 19 30 40] 1 832
13 19 28 41] 1 891
13 19 28 39] 1 891
13 19 28 31] 1 891
13 19 26 43] 1 832
13 19 26 40] 1 832
13 19 26 30] 1 832
13 18 43 45] 1 846
13 18 41 45] 1 846
13 18 41 43] 1 846
13 18 35 38] 1 900
13 18 33 45] 1 844
13 18 31 39] 1 828
13 18 30 45] 1 846
13 18 30 43] 1 846
13 18 30 41] 1 846
13 18 29 39] 1 828
13 18 29 31] 1 828
13 17 34 39] 1 849
13 17 29 39] 1 849
13 17 29 34] 1 849
13 16 36 42] 1 826
13 16 35 38] 1 900
13 16 33 42] 1 826
13 16 33 36] 1 826
13 16 29 44] 1 821
13 16 25 42] 1 826
13 16 25 36] 1 826
13 16 25 33] 1 826
13 16 24 44] 1 821
13 16 24 42] 1 826
13 16 24 36] 1 826
13 16 24 33] 1 826
13 16 24 29] 1 821
13 16 24 25] 1 826
13 16 18 38] 1 900
13 16 18 35] 1 900
13 15 33 45] 1 844
13 15 18 45] 1 844
13 15 18 33] 1 844
13 14 40 43] 1 832
13 14 35 38] 1 900
13 14 30 43] 1 832
13 14 30 40] 1 832
13 14 26 43] 1 832
13 14 26 40] 1 832
13 14 26 30] 1 832
13 14 22 37] 1 915
13 14 19 43] 1 832
13 14 19 40] 1 832
13 14 19 30] 1 832
13 14 19 26] 1 832
13 14 18 38] 1 900
13 14 18 35] 1 900
13 14 16 38] 1 900
13 14 16 35] 1 900
13 14 16 18] 1 900
12 41 43 44] 1 868
12 39 41 42] 1 833
12 35 39 43] 1 863
12 34 37 39] 1 866
12 33 38 39] 1 873
12 32 35 42] 1 911
12 32 34 38] 1 888
12 31 34 38] 1 888
12 31 32 38] 1 888
12 31 32 34] 1 888
12 30 41 42] 1 833
12 30 39 42] 1 833
12 30 39 41] 1 833
12 30 34 38] 1 871
12 29 37 39] 1 866
12 29 34 39] 1 866
12 29 34 37] 1 866
12 29 33 44] 1 827
12 28 43 44] 1 868
12 28 41 44] 1 868
12 28 41 43] 1 868
12 28 39 43] 1 863
12 28 35 43] 1 863
12 28 35 39] 1 863
12 28 30 42] 1 847
12 26 39 40] 1 823
12 26 38 45] 1 896
12 26 34 38] 1 871
12 26 30 42] 1 847
12 26 30 38] 1 871
12 26 30 34] 1 871
12 26 29 36] 1 897
12 26 28 42] 1 847
12 26 28 30] 1 847
12 25 43 44] 1 868
12 25 41 44] 1 868
12 25 41 43] 1 868
12 25 38 45] 1 896
12 25 34 43] 1 817
12 25 28 44] 1 868
12 25 28 43] 1 868
12 25 28 41] 1 868
12 25 26 45] 1 896
12 25 26 38] 1 896
12 24 39 40] 1 823
12 24 29 44] 1 821
12 24 27 36] 1 822
12 24 26 40] 1 823
12 24 26 39] 1 823
12 23 38 45] 1 896
12 23 26 45] 1 896
12 23 26 38] 1 896
12 23 25 45] 1 896
12 23 25 38] 1 896
12 23 25 26] 1 896
12 22 30 42] 1 847
12 22 29 36] 1 897
12 22 28 42] 1 847
12 22 28 30] 1 847
12 22 26 42] 1 847
12 22 26 36] 1 897
12 22 26 30] 1 847
12 22 26 29] 1 897
12 22 26 28] 1 847
12 22 23 43] 1 877
12 21 39 43] 1 863
12 21 35 43] 1 863
12 21 35 39] 1 863
12 21 28 43] 1 863
12 21 28 39] 1 863
12 21 28 35] 1 863
12 20 27 36] 1 822
12 20 24 36] 1 822
12 20 24 27] 1 822
12 19 41 42] 1 833
12 19 39 42] 1 833
12 19 39 41] 1 833
12 19 30 42] 1 833
12 19 30 41] 1 833
12 19 30 39] 1 833
12 18 41 42] 1 833
12 18 39 42] 1 833
12 18 39 41] 1 833
12 18 39 40] 1 823
12 18 30 42] 1 833
12 18 30 41] 1 833
12 18 30 39] 1 833
12 18 27 36] 1 822
12 18 26 40] 1 823
12 18 26 39] 1 823
12 18 24 40] 1 823
12 18 24 39] 1 823
12 18 24 36] 1 822
12 18 24 27] 1 822
12 18 24 26] 1 823
12 18 23 43] 1 877
12 18 22 43] 1 877
12 18 22 23] 1 877
12 18 20 36] 1 822
12 18 20 27] 1 822
12 18 20 24] 1 822
12 18 19 42] 1 833
12 18 19 41] 1 833
12 18 19 39] 1 833
12 18 19 30] 1 833
12 17 43 44] 1 868
12 17 41 44] 1 868
12 17 41 43] 1 868
12 17 28 44] 1 868
12 17 28 43] 1 868
12 17 28 41] 1 868
12 17 25 44] 1 868
12 17 25 43] 1 868
12 17 25 41] 1 868
12 17 25 28] 1 868
12 17 23 43] 1 877
12 17 22 43] 1 877
12 17 22 23] 1 877
12 17 18 43] 1 877
12 17 18 23] 1 877
12 17 18 22] 1 877
12 16 39 43] 1 863
12 16 35 43] 1 863
12 16 35 39] 1 863
12 16 30 42] 1 847
12 16 29 44] 1 821
12 16 28 43] 1 863
12 16 28 42] 1 847
12 16 28 39] 1 863
12 16 28 35] 1 863
12 16 28 30] 1 847
12 16 26 42] 1 847
12 16 26 30] 1 847
12 16 26 28] 1 847
12 16 24 44] 1 821
12 16 24 29] 1 821
12 16 22 42] 1 847
12 16 22 30] 1 847
12 16 22 28] 1 847
12 16 22 26] 1 847
12 16 21 43] 1 863
12 16 21 39] 1 863
12 16 21 35] 1 863
12 16 21 28] 1 863
12 15 39 40] 1 823
12 15 37 39] 1 866
12 15 34 39] 1 866
12 15 34 37] 1 866
12 15 29 39] 1 866
12 15 29 37] 1 866
12 15 29 34] 1 866
12 15 26 40] 1 823
12 15 26 39] 1 823
12 15 24 40] 1 823
12 15 24 39] 1 823
12 15 24 26] 1 823
12 15 18 40] 1 823
12 15 18 39] 1 823
12 15 18 26] 1 823
12 15 18 24] 1 823
12 14 35 42] 1 911
12 14 33 44] 1 827
12 14 32 42] 1 911
12 14 32 35] 1 911
12 14 29 44] 1 827
12 14 29 33] 1 827
12 13 38 39] 1 873
12 13 34 43] 1 817
12 13 33 39] 1 873
12 13 33 38] 1 873
12 13 29 44] 1 821
12 13 25 43] 1 817
12 13 25 34] 1 817
12 13 24 44] 1 821
12 13 24 29] 1 821
12 13 19 35] 1 839
12 13 16 44] 1 821
12 13 16 29] 1 821
12 13 16 24] 1 821
11 31 35 39] 1 910
11 30 33 38] 1 841
11 30 33 35] 1 852
11 29 33 44] 1 827
11 28 33 35] 1 852
11 28 30 35] 1 852
11 28 30 33] 1 852
11 28 29 43] 1 840
11 27 35 39] 1 910
11 27 31 39] 1 910
11 27 31 35] 1 910
11 27 29 43] 1 840
11 27 28 43] 1 840
11 27 28 29] 1 840
11 26 43 45] 1 904
11 24 33 38] 1 841
11 24 30 38] 1 841
11 24 30 33] 1 841
11 22 24 25] 1 861
11 21 24 25] 1 861
11 21 22 25] 1 861
11 21 22 24] 1 861
11 19 26 28] 1 836
11 19 24 25] 1 861
11 19 22 25] 1 861
11 19 22 24] 1 861
11 19 21 25] 1 861
11 19 21 24] 1 861
11 19 21 22] 1 861
11 17 35 39] 1 910
11 17 33 35] 1 852
11 17 31 39] 1 910
11 17 31 35] 1 910
11 17 30 35] 1 852
11 17 30 33] 1 852
11 17 28 35] 1 852
11 17 28 33] 1 852
11 17 28 30] 1 852
11 17 27 39] 1 910
11 17 27 35] 1 910
11 17 27 31] 1 910
11 17 24 25] 1 861
11 17 22 25] 1 861
11 17 22 24] 1 861
11 17 21 25] 1 861
11 17 21 24] 1 861
11 17 21 22] 1 861
11 17 19 25] 1 861
11 17 19 24] 1 861
11 17 19 22] 1 861
11 17 19 21] 1 861
11 16 25 31] 1 878
11 14 33 44] 1 827
11 14 33 38] 1 841
11 14 30 38] 1 841
11 14 30 33] 1 841
11 14 29 44] 1 827
11 14 29 33] 1 827
11 14 26 28] 1 836
11 14 24 38] 1 841
11 14 24 33] 1 841
11 14 24 30] 1 841
11 14 22 37] 1 915
11 14 19 28] 1 836
11 14 19 26] 1 836
11 13 22 37] 1 915
11 13 19 35] 1 839
11 13 14 37] 1 915
11 13 14 22] 1 915
11 12 33 44] 1 827
11 12 29 44] 1 827
11 12 29 33] 1 827
11 12 19 35] 1 839
11 12 14 44] 1 827
11 12 14 33] 1 827
11 12 14 29] 1 827
11 12 13 35] 1 839
11 12 13 19] 1 839
10 41 43 44] 1 856
10 40 43 44] 1 856
10 40 42 43] 1 862
10 40 41 44] 1 856
10 40 41 43] 1 856
10 38 42 43] 1 862
10 38 40 43] 1 862
10 38 40 42] 1 862
10 35 38 45] 1 835
10 34 42 43] 1 862
10 34 40 43] 1 862
10 34 40 42] 1 862
10 34 38 42] 1 862
10 34 38 40] 1 862
10 32 42 43] 1 862
10 32 40 43] 1 862
10 32 40 42] 1 862
10 32 38 43] 1 862
10 32 38 42] 1 862
10 32 38 40] 1 862
10 32 34 43] 1 862
10 32 34 42] 1 862
10 32 34 40] 1 862
10 32 34 38] 1 862
10 30 35 42] 1 820
10 28 38 45] 1 835
10 28 38 43] 1 857
10 28 35 45] 1 835
10 28 35 38] 1 835
10 28 34 43] 1 857
10 28 34 38] 1 857
10 27 36 45] 1 887
10 25 32 36] 1 864
10 24 43 44] 1 856
10 24 41 44] 1 856
10 24 41 43] 1 856
10 24 40 44] 1 856
10 24 40 43] 1 856
10 24 40 41] 1 856
10 23 25 41] 1 893
10 22 35 42] 1 820
10 22 30 42] 1 820
10 22 30 35] 1 820
10 21 35 42] 1 820
10 21 30 42] 1 820
10 21 30 35] 1 820
10 21 22 42] 1 820
10 21 22 38] 1 912
10 21 22 35] 1 820
10 21 22 30] 1 820
10 19 31 39] 1 831
10 18 22 38] 1 912
10 18 21 38] 1 912
10 18 21 22] 1 912
10 17 43 44] 1 856
10 17 41 44] 1 856
10 17 41 43] 1 856
10 17 40 44] 1 856
10 17 40 43] 1 856
10 17 40 41] 1 856
10 17 36 45] 1 887
10 17 27 45] 1 887
10 17 27 36] 1 887
10 17 25 41] 1 893
10 17 24 44] 1 856
10 17 24 43] 1 856
10 17 24 41] 1 856
10 17 24 40] 1 856
10 17 23 41] 1 893
10 17 23 25] 1 893
10 16 38 43] 1 857
10 16 34 43] 1 857
10 16 34 38] 1 857
10 16 31 39] 1 831
10 16 28 43] 1 857
10 16 28 38] 1 857
10 16 28 34] 1 857
10 16 19 39] 1 831
10 16 19 31] 1 831
10 15 25 41] 1 893
10 15 23 41] 1 893
10 15 23 25] 1 893
10 15 20 35] 1 879
10 15 17 41] 1 893
10 15 17 25] 1 893
10 15 17 23] 1 893
10 14 36 45] 1 887
10 14 27 45] 1 887
10 14 27 36] 1 887
10 14 20 35] 1 879
10 14 17 45] 1 887
10 14 17 36] 1 887
10 14 17 27] 1 887
10 14 15 35] 1 879
10 14 15 20] 1 879
10 13 38 45] 1 835
10 13 35 45] 1 835
10 13 35 38] 1 835
10 13 32 36] 1 864
10 13 28 45] 1 835
10 13 28 38] 1 835
10 13 28 35] 1 835
10 13 25 36] 1 864
10 13 25 32] 1 864
 9 38 39 43] 1 858
 9 35 38 45] 1 835
 9 34 37 39] 1 866
 9 33 37 44] 1 883
 9 33 36 38] 1 838
 9 32 39 43] 1 858
 9 32 38 43] 1 858
 9 32 38 39] 1 858
 9 32 37 44] 1 883
 9 32 33 44] 1 883
 9 32 33 37] 1 883
 9 31 39 41] 1 891
 9 30 33 35] 1 852
 9 29 37 39] 1 866
 9 29 34 39] 1 866
 9 29 34 38] 1 824
 9 29 34 37] 1 866
 9 28 39 41] 1 891
 9 28 38 45] 1 835
 9 28 35 45] 1 835
 9 28 35 38] 1 835
 9 28 33 35] 1 852
 9 28 31 41] 1 891
 9 28 31 39] 1 891
 9 28 30 35] 1 852
 9 28 30 33] 1 852
 9 26 36 42] 1 892
 9 26 34 38] 1 824
 9 26 29 38] 1 824
 9 26 29 34] 1 824
 9 26 27 32] 1 881
 9 25 34 43] 1 817
 9 24 34 38] 1 824
 9 24 29 38] 1 824
 9 24 29 34] 1 824
 9 24 27 36] 1 822
 9 24 26 38] 1 824
 9 24 26 34] 1 824
 9 24 26 29] 1 824
 9 23 39 43] 1 858
 9 23 38 43] 1 858
 9 23 38 39] 1 858
 9 23 32 43] 1 858
 9 23 32 39] 1 858
 9 23 32 38] 1 858
 9 22 37 44] 1 883
 9 22 33 44] 1 883
 9 22 33 37] 1 883
 9 22 32 44] 1 883
 9 22 32 37] 1 883
 9 22 32 33] 1 883
 9 20 36 38] 1 838
 9 20 33 38] 1 838
 9 20 33 36] 1 838
 9 20 27 36] 1 822
 9 20 27 32] 1 881
 9 20 26 32] 1 881
 9 20 26 27] 1 881
 9 20 24 36] 1 822
 9 20 24 27] 1 822
 9 19 39 41] 1 891
 9 19 31 41] 1 891
 9 19 28 41] 1 891
 9 19 28 39] 1 891
 9 19 28 31] 1 891
 9 19 26 28] 1 836
 9 18 37 44] 1 883
 9 18 36 42] 1 892
 9 18 33 44] 1 883
 9 18 33 37] 1 883
 9 18 32 44] 1 883
 9 18 32 37] 1 883
 9 18 32 33] 1 883
 9 18 27 36] 1 822
 9 18 27 32] 1 881
 9 18 26 42] 1 892
 9 18 26 36] 1 892
 9 18 26 32] 1 881
 9 18 26 27] 1 881
 9 18 24 36] 1 822
 9 18 24 27] 1 822
 9 18 22 44] 1 883
 9 18 22 37] 1 883
 9 18 22 33] 1 883
 9 18 22 32] 1 883
 9 18 20 36] 1 822
 9 18 20 32] 1 881
 9 18 20 26] 1 881
 9 18 20 24] 1 822
 9 17 36 42] 1 892
 9 17 36 38] 1 838
 9 17 33 38] 1 838
 9 17 33 36] 1 838
 9 17 33 35] 1 852
 9 17 30 35] 1 852
 9 17 30 33] 1 852
 9 17 28 35] 1 852
 9 17 28 33] 1 852
 9 17 28 30] 1 852
 9 17 26 42] 1 892
 9 17 26 36] 1 892
 9 17 20 38] 1 838
 9 17 20 36] 1 838
 9 17 20 33] 1 838
 9 17 18 42] 1 892
 9 17 18 36] 1 892
 9 17 18 26] 1 892
 9 16 31 39] 1 831
 9 16 19 39] 1 831
 9 16 19 31] 1 831
 9 15 37 39] 1 866
 9 15 34 39] 1 866
 9 15 34 37] 1 866
 9 15 29 39] 1 866
 9 15 29 37] 1 866
 9 15 29 34] 1 866
 9 14 36 38] 1 838
 9 14 33 38] 1 838
 9 14 33 36] 1 838
 9 14 26 28] 1 836
 9 14 20 38] 1 838
 9 14 20 36] 1 838
 9 14 20 33] 1 838
 9 14 19 28] 1 836
 9 14 19 26] 1 836
 9 14 17 38] 1 838
 9 14 17 36] 1 838
 9 14 17 33] 1 838
 9 14 17 20] 1 838
 9 13 39 43] 1 858
 9 13 39 41] 1 891
 9 13 38 45] 1 835
 9 13 38 43] 1 858
 9 13 38 39] 1 858
 9 13 35 45] 1 835
 9 13 35 38] 1 835
 9 13 34 43] 1 817
 9 13 32 43] 1 858
 9 13 32 39] 1 858
 9 13 32 38] 1 858
 9 13 31 41] 1 891
 9 13 31 39] 1 891
 9 13 28 45] 1 835
 9 13 28 41] 1 891
 9 13 28 39] 1 891
 9 13 28 38] 1 835
 9 13 28 35] 1 835
 9 13 28 31] 1 891
 9 13 25 43] 1 817
 9 13 25 34] 1 817
 9 13 23 43] 1 858
 9 13 23 39] 1 858
 9 13 23 38] 1 858
 9 13 23 32] 1 858
 9 13 19 41] 1 891
 9 13 19 39] 1 891
 9 13 19 35] 1 839
 9 13 19 31] 1 891
 9 13 19 28] 1 891
 9 12 37 39] 1 866
 9 12 34 43] 1 817
 9 12 34 39] 1 866
 9 12 34 37] 1 866
 9 12 29 39] 1 866
 9 12 29 37] 1 866
 9 12 29 34] 1 866
 9 12 27 36] 1 822
 9 12 25 43] 1 817
 9 12 25 34] 1 817
 9 12 24 36] 1 822
 9 12 24 27] 1 822
 9 12 20 36] 1 822
 9 12 20 27] 1 822
 9 12 20 24] 1 822
 9 12 19 35] 1 839
 9 12 18 36] 1 822
 9 12 18 27] 1 822
 9 12 18 24] 1 822
 9 12 18 20] 1 822
 9 12 15 39] 1 866
 9 12 15 37] 1 866
 9 12 15 34] 1 866
 9 12 15 29] 1 866
 9 12 13 43] 1 817
 9 12 13 35] 1 839
 9 12 13 34] 1 817
 9 12 13 25] 1 817
 9 12 13 19] 1 839
 9 11 33 35] 1 852
 9 11 30 35] 1 852
 9 11 30 33] 1 852
 9 11 28 35] 1 852
 9 11 28 33] 1 852
 9 11 28 30] 1 852
 9 11 26 28] 1 836
 9 11 19 35] 1 839
 9 11 19 28] 1 836
 9 11 19 26] 1 836
 9 11 17 35] 1 852
 9 11 17 33] 1 852
 9 11 17 30] 1 852
 9 11 17 28] 1 852
 9 11 14 28] 1 836
 9 11 14 26] 1 836
 9 11 14 19] 1 836
 9 11 13 35] 1 839
 9 11 13 19] 1 839
 9 11 12 35] 1 839
 9 11 12 19] 1 839
 9 11 12 13] 1 839
 9 10 38 45] 1 835
 9 10 35 45] 1 835
 9 10 35 38] 1 835
 9 10 31 39] 1 831
 9 10 28 45] 1 835
 9 10 28 38] 1 835
 9 10 28 35] 1 835
 9 10 19 39] 1 831
 9 10 19 31] 1 831
 9 10 16 39] 1 831
 9 10 16 31] 1 831
 9 10 16 19] 1 831
 9 10 13 45] 1 835
 9 10 13 38] 1 835
 9 10 13 35] 1 835
 9 10 13 28] 1 835
 8 38 39 41] 1 859
 8 35 42 43] 1 834
 8 35 39 41] 1 859
 8 35 38 41] 1 859
 8 35 38 39] 1 859
 8 33 38 42] 1 825
 8 33 37 39] 1 899
 8 31 38 42] 1 825
 8 31 33 42] 1 825
 8 31 33 38] 1 825
 8 27 36 45] 1 887
 8 27 32 42] 1 860
 8 26 43 45] 1 904
 8 26 27 44] 1 853
 8 25 32 42] 1 860
 8 25 27 42] 1 860
 8 25 27 32] 1 860
 8 24 39 41] 1 859
 8 24 38 41] 1 859
 8 24 38 39] 1 859
 8 24 35 41] 1 859
 8 24 35 39] 1 859
 8 24 35 38] 1 859
 8 23 27 44] 1 853
 8 23 26 44] 1 853
 8 23 26 27] 1 853
 8 22 39 41] 1 859
 8 22 38 41] 1 859
 8 22 38 39] 1 859
 8 22 35 41] 1 859
 8 22 35 39] 1 859
 8 22 35 38] 1 859
 8 22 24 41] 1 859
 8 22 24 39] 1 859
 8 22 24 38] 1 859
 8 22 24 35] 1 859
 8 21 38 42] 1 825
 8 21 37 39] 1 899
 8 21 33 42] 1 825
 8 21 33 39] 1 899
 8 21 33 38] 1 825
 8 21 33 37] 1 899
 8 21 31 42] 1 825
 8 21 31 38] 1 825
 8 21 31 33] 1 825
 8 21 22 38] 1 912
 8 20 37 39] 1 899
 8 20 33 39] 1 899
 8 20 33 37] 1 899
 8 20 21 39] 1 899
 8 20 21 37] 1 899
 8 20 21 33] 1 899
 8 19 43 44] 1 855
 8 19 37 39] 1 899
 8 19 33 39] 1 899
 8 19 33 37] 1 899
 8 19 21 39] 1 899
 8 19 21 37] 1 899
 8 19 21 33] 1 899
 8 19 20 39] 1 899
 8 19 20 37] 1 899
 8 19 20 33] 1 899
 8 19 20 21] 1 899
 8 18 42 43] 1 834
 8 18 35 43] 1 834
 8 18 35 42] 1 834
 8 18 33 45] 1 844
 8 18 32 42] 1 860
 8 18 27 42] 1 860
 8 18 27 32] 1 860
 8 18 25 42] 1 860
 8 18 25 32] 1 860
 8 18 25 27] 1 860
 8 18 22 38] 1 912
 8 18 21 38] 1 912
 8 18 21 22] 1 912
 8 17 43 44] 1 855
 8 17 36 45] 1 887
 8 17 27 45] 1 887
 8 17 27 36] 1 887
 8 17 19 44] 1 855
 8 17 19 43] 1 855
 8 15 43 44] 1 855
 8 15 38 42] 1 825
 8 15 33 45] 1 844
 8 15 33 42] 1 825
 8 15 33 38] 1 825
 8 15 31 42] 1 825
 8 15 31 38] 1 825
 8 15 31 33] 1 825
 8 15 21 42] 1 825
 8 15 21 38] 1 825
 8 15 21 33] 1 825
 8 15 21 31] 1 825
 8 15 19 44] 1 855
 8 15 19 43] 1 855
 8 15 18 45] 1 844
 8 15 18 33] 1 844
 8 15 17 44] 1 855
 8 15 17 43] 1 855
 8 15 17 19] 1 855
 8 14 36 45] 1 887
 8 14 27 45] 1 887
 8 14 27 36] 1 887
 8 14 17 45] 1 887
 8 14 17 36] 1 887
 8 14 17 27] 1 887
 8 13 33 45] 1 844
 8 13 27 44] 1 853
 8 13 26 44] 1 853
 8 13 26 27] 1 853
 8 13 23 44] 1 853
 8 13 23 27] 1 853
 8 13 23 26] 1 853
 8 13 18 45] 1 844
 8 13 18 33] 1 844
 8 13 15 45] 1 844
 8 13 15 33] 1 844
 8 13 15 18] 1 844
 8 11 43 45] 1 904
 8 11 26 45] 1 904
 8 11 26 43] 1 904
 8 10 36 45] 1 887
 8 10 27 45] 1 887
 8 10 27 36] 1 887
 8 10 22 38] 1 912
 8 10 21 38] 1 912
 8 10 21 22] 1 912
 8 10 18 38] 1 912
 8 10 18 22] 1 912
 8 10 18 21] 1 912
 8 10 17 45] 1 887
 8 10 17 36] 1 887
 8 10 17 27] 1 887
 8 10 14 45] 1 887
 8 10 14 36] 1 887
 8 10 14 27] 1 887
 8 10 14 17] 1 887
 7 33 34 35] 1 909
 7 32 34 38] 1 888
 7 31 34 38] 1 888
 7 31 32 38] 1 888
 7 31 32 34] 1 888
 7 30 36 39] 1 902
 7 30 34 35] 1 909
 7 30 33 35] 1 909
 7 30 33 34] 1 909
 7 29 34 38] 1 824
 7 29 34 35] 1 909
 7 29 33 35] 1 909
 7 29 33 34] 1 909
 7 29 31 39] 1 828
 7 29 30 35] 1 909
 7 29 30 34] 1 909
 7 29 30 33] 1 909
 7 26 34 38] 1 824
 7 26 29 38] 1 824
 7 26 29 36] 1 897
 7 26 29 34] 1 824
 7 25 32 36] 1 864
 7 24 38 45] 1 880
 7 24 36 39] 1 902
 7 24 34 38] 1 824
 7 24 34 35] 1 909
 7 24 33 35] 1 909
 7 24 33 34] 1 909
 7 24 30 39] 1 902
 7 24 30 36] 1 902
 7 24 30 35] 1 909
 7 24 30 34] 1 909
 7 24 30 33] 1 909
 7 24 29 38] 1 824
 7 24 29 35] 1 909
40 41 43 45] 1 894
 7 24 29 33] 1 909
 7 24 29 30] 1 909
 7 24 26 38] 1 824
 7 24 26 34] 1 824
 7 24 26 29] 1 824
 7 23 38 45] 1 880
 7 23 36 39] 1 902
 7 23 30 39] 1 902
 7 23 30 36] 1 902
 7 23 24 45] 1 880
 7 23 24 39] 1 902
 7 23 24 38] 1 880
 7 23 24 36] 1 902
 7 23 24 30] 1 902
 7 22 29 36] 1 897
 7 22 26 36] 1 897
 7 22 26 29] 1 897
 7 19 43 44] 1 855
 7 19 38 45] 1 880
 7 19 36 39] 1 902
 7 19 30 39] 1 902
 7 19 30 36] 1 902
 7 19 24 45] 1 880
 7 19 24 39] 1 902
 7 19 24 38] 1 880
 7 19 24 36] 1 902
 7 19 24 30] 1 902
 7 19 23 45] 1 880
 7 19 23 39] 1 902
 7 19 23 38] 1 880
 7 19 23 36] 1 902
 7 19 23 30] 1 902
40 41 43 44] 1 856
 7 18 35 38] 1 900
 7 18 33 45] 1 844
 7 18 31 39] 1 828
 7 18 29 39] 1 828
 7 18 29 31] 1 828
 7 17 43 44] 1 855
 7 17 38 45] 1 880
 7 17 24 45] 1 880
 7 17 24 38] 1 880
 7 17 23 45] 1 880
 7 17 23 38] 1 880
 7 17 23 24] 1 880
 7 17 19 45] 1 880
 7 17 19 44] 1 855
 7 17 19 43] 1 855
 7 17 19 38] 1 880
 7 17 19 24] 1 880
 7 17 19 23] 1 880
 7 16 35 38] 1 900
 7 16 18 38] 1 900
 7 16 18 35] 1 900
 7 15 43 44] 1 855
 7 15 33 45] 1 844
 7 15 19 44] 1 855
 7 15 19 43] 1 855
 7 15 18 45] 1 844
 7 15 18 33] 1 844
 7 15 17 44] 1 855
 7 15 17 43] 1 855
 7 15 17 19] 1 855
 7 14 35 38] 1 900
 7 14 18 38] 1 900
 7 14 18 35] 1 900
 7 14 16 38] 1 900
 7 14 16 35] 1 900
 7 14 16 18] 1 900
 7 13 35 38] 1 900
 7 13 33 45] 1 844
 7 13 32 36] 1 864
 7 13 31 39] 1 828
 7 13 29 39] 1 828
 7 13 29 31] 1 828
 7 13 25 36] 1 864
 7 13 25 32] 1 864
 7 13 18 45] 1 844
 7 13 18 39] 1 828
 7 13 18 38] 1 900
 7 13 18 35] 1 900
 7 13 18 33] 1 844
 7 13 18 31] 1 828
 7 13 18 29] 1 828
 7 13 16 38] 1 900
 7 13 16 35] 1 900
 7 13 16 18] 1 900
 7 13 15 45] 1 844
 7 13 15 33] 1 844
 7 13 15 18] 1 844
 7 13 14 38] 1 900
 7 13 14 35] 1 900
 7 13 14 18] 1 900
 7 13 14 16] 1 900
 7 12 34 38] 1 888
 7 12 32 38] 1 888
 7 12 32 34] 1 888
 7 12 31 38] 1 888
 7 12 31 34] 1 888
 7 12 31 32] 1 888
 7 12 29 36] 1 897
 7 12 26 36] 1 897
 7 12 26 29] 1 897
 7 12 22 36] 1 897
 7 12 22 29] 1 897
 7 12 22 26] 1 897
 7 10 32 36] 1 864
 7 10 25 36] 1 864
 7 10 25 32] 1 864
 7 10 13 36] 1 864
 7 10 13 32] 1 864
 7 10 13 25] 1 864
 7  9 34 38] 1 824
 7  9 29 38] 1 824
 7  9 29 34] 1 824
 7  9 26 38] 1 824
 7  9 26 34] 1 824
 7  9 26 29] 1 824
 7  9 24 38] 1 824
 7  9 24 34] 1 824
 7  9 24 29] 1 824
 7  9 24 26] 1 824
 7  8 43 44] 1 855
 7  8 33 45] 1 844
 7  8 19 44] 1 855
 7  8 19 43] 1 855
 7  8 18 45] 1 844
 7  8 18 33] 1 844
 7  8 17 44] 1 855
 7  8 17 43] 1 855
 7  8 17 19] 1 855
 7  8 15 45] 1 844
 7  8 15 44] 1 855
 7  8 15 43] 1 855
 7  8 15 33] 1 844
 7  8 15 19] 1 855
 7  8 15 18] 1 844
 7  8 15 17] 1 855
 7  8 13 45] 1 844
 7  8 13 33] 1 844
 7  8 13 18] 1 844
 7  8 13 15] 1 844
 6 35 42 43] 1 834
 6 34 38 43] 1 857
 6 33 40 45] 1 845
 6 32 35 36] 1 916
 6 30 35 42] 1 820
 6 30 34 38] 1 871
 6 30 33 45] 1 837
 6 29 40 45] 1 845
 6 29 33 45] 1 845
 6 29 33 40] 1 845
 6 28 38 43] 1 857
 6 28 34 43] 1 857
 6 28 34 38] 1 857
 6 28 33 45] 1 837
 6 28 30 45] 1 837
 6 28 30 33] 1 837
 6 27 37 40] 1 913
 6 27 37 39] 1 869
 6 26 43 45] 1 904
 6 26 34 38] 1 871
 6 26 30 38] 1 871
 6 26 30 34] 1 871
 6 26 29 36] 1 897
 6 25 33 45] 1 837
 6 25 30 45] 1 837
 6 25 30 33] 1 837
 6 25 28 45] 1 837
 6 25 28 33] 1 837
 6 25 28 30] 1 837
 6 22 35 42] 1 820
 6 22 35 36] 1 916
 6 22 32 36] 1 916
 6 22 32 35] 1 916
 6 22 30 42] 1 820
 6 22 30 35] 1 820
 6 22 29 36] 1 897
 6 22 26 36] 1 897
 6 22 26 29] 1 897
 6 21 37 40] 1 913
 6 21 35 42] 1 820
 6 21 35 36] 1 916
 6 21 32 36] 1 916
 6 21 32 35] 1 916
 6 21 30 42] 1 820
 6 21 30 35] 1 820
 6 21 27 40] 1 913
 6 21 27 37] 1 913
 6 21 22 42] 1 820
 6 21 22 36] 1 916
39 43 44 45] 1 882
 6 21 22 32] 1 916
 6 21 22 30] 1 820
 6 20 37 39] 1 869
 6 20 27 39] 1 869
 6 20 27 37] 1 869
 6 18 42 43] 1 834
 6 18 37 38] 1 830
 6 18 35 43] 1 834
 6 18 35 42] 1 834
 6 18 29 37] 1 890
 6 17 37 38] 1 830
 6 17 35 36] 1 916
 6 17 32 36] 1 916
 6 17 32 35] 1 916
 6 17 22 36] 1 916
 6 17 22 35] 1 916
 6 17 22 32] 1 916
 6 17 21 36] 1 916
 6 17 21 35] 1 916
 6 17 21 32] 1 916
 6 17 21 22] 1 916
 6 17 18 38] 1 830
 6 17 18 37] 1 830
 6 16 40 45] 1 845
 6 16 38 43] 1 857
 6 16 37 40] 1 913
 6 16 37 38] 1 830
 6 16 34 43] 1 857
 6 16 34 38] 1 857
 6 16 33 45] 1 845
 6 16 33 40] 1 845
 6 16 29 45] 1 845
 6 16 29 40] 1 845
 6 16 29 33] 1 845
 6 16 28 43] 1 857
 6 16 28 38] 1 857
 6 16 28 34] 1 857
 6 16 27 40] 1 913
 6 16 27 37] 1 913
 6 16 25 31] 1 878
 6 16 21 40] 1 913
 6 16 21 37] 1 913
 6 16 21 27] 1 913
 6 16 18 38] 1 830
 6 16 18 37] 1 830
 6 16 17 38] 1 830
 6 16 17 37] 1 830
 6 16 17 18] 1 830
 6 14 37 40] 1 913
 6 14 29 37] 1 890
 6 14 27 40] 1 913
 6 14 27 37] 1 913
 6 14 22 37] 1 915
 6 14 21 40] 1 913
 6 14 21 37] 1 913
 6 14 21 27] 1 913
 6 14 18 37] 1 890
 6 14 18 29] 1 890
 6 14 16 40] 1 913
 6 14 16 37] 1 913
 6 14 16 27] 1 913
 6 14 16 21] 1 913
 6 13 22 37] 1 915
 6 13 14 37] 1 915
 6 13 14 22] 1 915
 6 12 34 38] 1 871
 6 12 30 38] 1 871
 6 12 30 34] 1 871
 6 12 29 36] 1 897
 6 12 26 38] 1 871
 6 12 26 36] 1 897
 6 12 26 34] 1 871
 6 12 26 30] 1 871
 6 12 26 29] 1 897
 6 12 22 36] 1 897
 6 12 22 29] 1 897
 6 12 22 26] 1 897
 6 11 43 45] 1 904
 6 11 26 45] 1 904
 6 11 26 43] 1 904
 6 11 25 31] 1 878
 6 11 22 37] 1 915
 6 11 16 31] 1 878
 6 11 16 25] 1 878
 6 11 14 37] 1 915
 6 11 14 22] 1 915
 6 11 13 37] 1 915
 6 11 13 22] 1 915
 6 11 13 14] 1 915
 6 10 38 43] 1 857
 6 10 35 42] 1 820
 6 10 34 43] 1 857
 6 10 34 38] 1 857
 6 10 30 42] 1 820
 6 10 30 35] 1 820
 6 10 28 43] 1 857
 6 10 28 38] 1 857
 6 10 28 34] 1 857
 6 10 22 42] 1 820
 6 10 22 35] 1 820
 6 10 22 30] 1 820
 6 10 21 42] 1 820
 6 10 21 35] 1 820
 6 10 21 30] 1 820
 6 10 21 22] 1 820
 6 10 16 43] 1 857
 6 10 16 38] 1 857
 6 10 16 34] 1 857
 6 10 16 28] 1 857
 6  8 43 45] 1 904
 6  8 42 43] 1 834
 6  8 35 43] 1 834
 6  8 35 42] 1 834
 6  8 26 45] 1 904
 6  8 26 43] 1 904
 6  8 18 43] 1 834
 6  8 18 42] 1 834
 6  8 18 35] 1 834
 6  8 11 45] 1 904
 6  8 11 43] 1 904
 6  8 11 26] 1 904
 6  7 29 36] 1 897
 6  7 26 36] 1 897
 6  7 26 29] 1 897
 6  7 22 36] 1 897
 6  7 22 29] 1 897
 6  7 22 26] 1 897
 6  7 12 36] 1 897
 6  7 12 29] 1 897
 6  7 12 26] 1 897
 6  7 12 22] 1 897
 5 41 43 45] 1 846
 5 35 43 45] 1 829
 5 33 38 39] 1 873
 5 32 35 42] 1 911
 5 31 43 45] 1 829
 5 31 35 45] 1 829
 5 31 35 43] 1 829
 5 30 43 45] 1 846
 5 30 41 45] 1 846
 5 30 41 43] 1 846
 5 30 33 38] 1 841
 5 29 43 45] 1 829
 5 29 35 45] 1 829
 5 29 35 43] 1 829
 5 29 34 39] 1 849
 5 29 33 44] 1 827
 5 29 31 45] 1 829
 5 29 31 43] 1 829
 5 29 31 35] 1 829
 5 28 36 39] 1 850
 5 28 31 32] 1 906
 5 26 38 45] 1 896
 5 26 34 42] 1 876
 5 25 38 45] 1 896
 5 25 26 45] 1 896
 5 25 26 38] 1 896
 5 24 36 39] 1 850
 5 24 34 42] 1 876
 5 24 33 38] 1 841
 5 24 30 38] 1 841
 5 24 30 33] 1 841
 5 24 28 39] 1 850
 5 24 28 36] 1 850
 5 24 26 42] 1 876
 5 24 26 34] 1 876
 5 23 38 45] 1 896
 5 23 30 34] 1 901
 5 23 26 45] 1 896
 5 23 26 38] 1 896
 5 23 25 45] 1 896
 5 23 25 38] 1 896
 5 23 25 26] 1 896
 5 22 23 43] 1 877
 5 21 34 42] 1 876
 5 21 30 34] 1 901
 5 21 26 42] 1 876
 5 21 26 34] 1 876
 5 21 24 42] 1 876
 5 21 24 34] 1 876
 5 21 24 26] 1 876
 5 21 23 34] 1 901
 5 21 23 30] 1 901
 5 21 22 38] 1 912
 5 20 36 39] 1 850
 5 20 31 32] 1 906
 5 20 30 34] 1 901
 5 20 28 39] 1 850
 5 20 28 36] 1 850
 5 20 28 32] 1 906
 5 20 28 31] 1 906
 5 20 24 39] 1 850
 5 20 24 36] 1 850
 5 20 24 28] 1 850
 5 20 23 34] 1 901
 5 20 23 30] 1 901
 5 20 21 34] 1 901
 5 20 21 30] 1 901
 5 20 21 23] 1 901
 5 18 43 45] 1 846
 5 18 41 45] 1 846
 5 18 41 43] 1 846
 5 18 37 38] 1 830
 5 18 30 45] 1 846
 5 18 30 43] 1 846
 5 18 30 41] 1 846
 5 18 30 34] 1 901
 5 18 23 43] 1 877
 5 18 23 34] 1 901
 5 18 23 30] 1 901
 5 18 22 43] 1 877
 5 18 22 38] 1 912
 5 18 22 23] 1 877
 5 18 21 38] 1 912
 5 18 21 34] 1 901
 5 18 21 30] 1 901
 5 18 21 23] 1 901
 5 18 21 22] 1 912
 5 18 20 34] 1 901
 5 18 20 30] 1 901
 5 18 20 23] 1 901
 5 18 20 21] 1 901
 5 17 37 38] 1 830
 5 17 34 39] 1 849
 5 17 29 39] 1 849
 5 17 29 34] 1 849
 5 17 23 43] 1 877
 5 17 22 43] 1 877
 5 17 22 23] 1 877
 5 17 18 43] 1 877
 5 17 18 38] 1 830
 5 17 18 37] 1 830
 5 17 18 23] 1 877
 5 17 18 22] 1 877
 5 16 37 38] 1 830
 5 16 36 39] 1 850
 5 16 34 42] 1 876
 5 16 28 39] 1 850
 5 16 28 36] 1 850
 5 16 26 42] 1 876
 5 16 26 34] 1 876
 5 16 24 42] 1 876
 5 16 24 39] 1 850
 5 16 24 36] 1 850
 5 16 24 34] 1 876
 5 16 24 28] 1 850
 5 16 24 26] 1 876
 5 16 21 42] 1 876
 5 16 21 34] 1 876
 5 16 21 26] 1 876
 5 16 21 24] 1 876
 5 16 20 39] 1 850
 5 16 20 36] 1 850
 5 16 20 28] 1 850
 5 16 20 24] 1 850
 5 16 18 38] 1 830
 5 16 18 37] 1 830
 5 16 17 38] 1 830
 5 16 17 37] 1 830
 5 16 17 18] 1 830
 5 14 35 42] 1 911
 5 14 33 44] 1 827
 5 14 33 38] 1 841
 5 14 32 42] 1 911
 5 14 32 35] 1 911
 5 14 31 32] 1 906
 5 14 30 38] 1 841
 5 14 30 33] 1 841
 5 14 29 44] 1 827
 5 14 29 33] 1 827
 5 14 28 32] 1 906
 5 14 28 31] 1 906
 5 14 24 38] 1 841
 5 14 24 33] 1 841
 5 14 24 30] 1 841
 5 14 20 32] 1 906
 5 14 20 31] 1 906
 5 14 20 28] 1 906
 5 13 43 45] 1 846
 5 13 41 45] 1 846
 5 13 41 43] 1 846
 5 13 38 39] 1 873
 5 13 34 39] 1 849
 5 13 33 39] 1 873
 5 13 33 38] 1 873
 5 13 30 45] 1 846
 5 13 30 43] 1 846
 5 13 30 41] 1 846
 5 13 29 39] 1 849
 5 13 29 34] 1 849
 5 13 18 45] 1 846
 5 13 18 43] 1 846
 5 13 18 41] 1 846
 5 13 18 30] 1 846
 5 13 17 39] 1 849
 5 13 17 34] 1 849
 5 13 17 29] 1 849
 5 12 38 45] 1 896
 5 12 38 39] 1 873
 5 12 35 42] 1 911
 5 12 33 44] 1 827
 5 12 33 39] 1 873
 5 12 33 38] 1 873
 5 12 32 42] 1 911
 5 12 32 35] 1 911
 5 12 29 44] 1 827
 5 12 29 33] 1 827
 5 12 26 45] 1 896
 5 12 26 38] 1 896
 5 12 25 45] 1 896
 5 12 25 38] 1 896
 5 12 25 26] 1 896
 5 12 23 45] 1 896
 5 12 23 43] 1 877
 5 12 23 38] 1 896
 5 12 23 26] 1 896
 5 12 23 25] 1 896
 5 12 22 43] 1 877
 5 12 22 23] 1 877
 5 12 18 43] 1 877
 5 12 18 23] 1 877
 5 12 18 22] 1 877
 5 12 17 43] 1 877
 5 12 17 23] 1 877
 5 12 17 22] 1 877
 5 12 17 18] 1 877
 5 12 14 44] 1 827
 5 12 14 42] 1 911
 5 12 14 35] 1 911
 5 12 14 33] 1 827
 5 12 14 32] 1 911
 5 12 14 29] 1 827
 5 12 13 39] 1 873
 5 12 13 38] 1 873
 5 12 13 33] 1 873
 5 11 33 44] 1 827
 5 11 33 38] 1 841
 5 11 30 38] 1 841
 5 11 30 33] 1 841
 5 11 29 44] 1 827
 5 11 29 33] 1 827
 5 11 24 38] 1 841
 5 11 24 33] 1 841
 5 11 24 30] 1 841
 5 11 14 44] 1 827
 5 11 14 38] 1 841
38 40 42 43] 1 862
 5 11 14 30] 1 841
 5 11 14 29] 1 827
 5 11 14 24] 1 841
 5 11 12 44] 1 827
 5 11 12 33] 1 827
 5 11 12 29] 1 827
 5 11 12 14] 1 827
 5 10 22 38] 1 912
 5 10 21 38] 1 912
 5 10 21 22] 1 912
 5 10 18 38] 1 912
 5 10 18 22] 1 912
 5 10 18 21] 1 912
 5  8 22 38] 1 912
 5  8 21 38] 1 912
 5  8 21 22] 1 912
 5  8 18 38] 1 912
 5  8 18 22] 1 912
 5  8 18 21] 1 912
 5  8 10 38] 1 912
 5  8 10 22] 1 912
 5  8 10 21] 1 912
 5  8 10 18] 1 912
 5  6 37 38] 1 830
 5  6 18 38] 1 830
 5  6 18 37] 1 830
 5  6 17 38] 1 830
 5  6 17 37] 1 830
 5  6 17 18] 1 830
 5  6 16 38] 1 830
 5  6 16 37] 1 830
 5  6 16 18] 1 830
 5  6 16 17] 1 830
 4 35 43 45] 1 829
 4 33 34 42] 1 843
 4 32 35 42] 1 911
 4 32 33 43] 1 872
 4 31 43 45] 1 829
 4 31 35 45] 1 829
 4 31 35 43] 1 829
 4 30 34 42] 1 843
 4 30 33 43] 1 872
 4 30 33 42] 1 843
 4 30 33 34] 1 843
 4 30 32 43] 1 872
 4 30 32 33] 1 872
 4 29 43 45] 1 829
 4 29 35 45] 1 829
 4 29 35 43] 1 829
 4 29 33 43] 1 872
 4 29 32 43] 1 872
 4 29 32 33] 1 872
 4 29 31 45] 1 829
 4 29 31 43] 1 829
 4 29 31 39] 1 828
 4 29 31 35] 1 829
 4 29 30 43] 1 872
 4 29 30 33] 1 872
 4 29 30 32] 1 872
 4 28 37 45] 1 884
 4 28 29 43] 1 840
 4 27 38 40] 1 905
 4 27 37 39] 1 869
 4 27 32 42] 1 860
 4 27 29 43] 1 840
 4 27 28 43] 1 840
 4 27 28 29] 1 840
 4 26 36 42] 1 892
 4 26 27 32] 1 881
 4 25 32 42] 1 860
 4 25 27 42] 1 860
 4 25 27 32] 1 860
 4 23 37 45] 1 884
 4 23 28 45] 1 884
 4 23 28 37] 1 884
 4 21 34 42] 1 843
 4 21 33 42] 1 843
 4 21 33 34] 1 843
 4 21 30 42] 1 843
 4 21 30 34] 1 843
 4 21 30 33] 1 843
 4 20 38 40] 1 905
 4 20 37 39] 1 869
 4 20 27 40] 1 905
 4 20 27 39] 1 869
 4 20 27 38] 1 905
 4 20 27 37] 1 869
 4 20 27 32] 1 881
 4 20 26 32] 1 881
 4 20 26 27] 1 881
 4 19 34 42] 1 843
 4 19 33 42] 1 843
 4 19 33 34] 1 843
 4 19 30 42] 1 843
 4 19 30 34] 1 843
 4 19 30 33] 1 843
 4 19 21 42] 1 843
 4 19 21 34] 1 843
 4 19 21 33] 1 843
 4 19 21 30] 1 843
 4 18 36 42] 1 892
 4 18 32 42] 1 860
 4 18 31 39] 1 828
 4 18 29 39] 1 828
 4 18 29 37] 1 890
 4 18 29 31] 1 828
 4 18 27 42] 1 860
37 41 43 45] 1 894
 4 18 26 42] 1 892
 4 18 26 36] 1 892
 4 18 26 32] 1 881
 4 18 26 27] 1 881
 4 18 25 42] 1 860
 4 18 25 32] 1 860
 4 18 25 27] 1 860
 4 18 20 32] 1 881
 4 18 20 27] 1 881
 4 18 20 26] 1 881
 4 17 37 45] 1 884
 4 17 36 42] 1 892
 4 17 28 45] 1 884
 4 17 28 37] 1 884
 4 17 26 42] 1 892
 4 17 26 36] 1 892
 4 17 23 45] 1 884
 4 17 23 37] 1 884
 4 17 23 28] 1 884
 4 17 18 42] 1 892
 4 17 18 36] 1 892
 4 17 18 26] 1 892
 4 16 38 40] 1 905
 4 16 27 40] 1 905
 4 16 27 38] 1 905
 4 16 20 40] 1 905
 4 16 20 38] 1 905
 4 16 20 27] 1 905
 4 15 20 35] 1 879
 4 14 37 45] 1 884
 4 14 35 42] 1 911
 4 14 32 42] 1 911
 4 14 32 35] 1 911
 4 14 29 37] 1 890
 4 14 28 45] 1 884
 4 14 28 37] 1 884
 4 14 23 45] 1 884
 4 14 23 37] 1 884
 4 14 23 28] 1 884
 4 14 20 35] 1 879
 4 14 18 37] 1 890
 4 14 18 29] 1 890
 4 14 17 45] 1 884
 4 14 17 37] 1 884
 4 14 17 28] 1 884
 4 14 17 23] 1 884
 4 14 15 35] 1 879
 4 14 15 20] 1 879
 4 13 31 39] 1 828
 4 13 29 39] 1 828
 4 13 29 31] 1 828
 4 13 18 39] 1 828
 4 13 18 31] 1 828
 4 13 18 29] 1 828
 4 12 35 42] 1 911
 4 12 32 42] 1 911
 4 12 32 35] 1 911
 4 12 14 42] 1 911
 4 12 14 35] 1 911
 4 12 14 32] 1 911
 4 11 29 43] 1 840
 4 11 28 43] 1 840
 4 11 28 29] 1 840
 4 11 27 43] 1 840
 4 11 27 29] 1 840
 4 11 27 28] 1 840
 4 10 20 35] 1 879
 4 10 15 35] 1 879
 4 10 15 20] 1 879
 4 10 14 35] 1 879
 4 10 14 20] 1 879
 4 10 14 15] 1 879
 4  9 36 42] 1 892
 4  9 27 32] 1 881
 4  9 26 42] 1 892
 4  9 26 36] 1 892
 4  9 26 32] 1 881
 4  9 26 27] 1 881
 4  9 20 32] 1 881
 4  9 20 27] 1 881
 4  9 20 26] 1 881
 4  9 18 42] 1 892
 4  9 18 36] 1 892
 4  9 18 32] 1 881
 4  9 18 27] 1 881
37 40 43 45] 1 894
 4  9 18 20] 1 881
 4  9 17 42] 1 892
 4  9 17 36] 1 892
 4  9 17 26] 1 892
 4  9 17 18] 1 892
 4  8 32 42] 1 860
 4  8 27 42] 1 860
 4  8 27 32] 1 860
 4  8 25 42] 1 860
 4  8 25 32] 1 860
 4  8 25 27] 1 860
 4  8 18 42] 1 860
 4  8 18 32] 1 860
 4  8 18 27] 1 860
 4  8 18 25] 1 860
 4  7 31 39] 1 828
 4  7 29 39] 1 828
 4  7 29 31] 1 828
 4  7 18 39] 1 828
 4  7 18 31] 1 828
 4  7 18 29] 1 828
 4  7 13 39] 1 828
 4  7 13 31] 1 828
 4  7 13 29] 1 828
 4  7 13 18] 1 828
 4  6 37 39] 1 869
 4  6 29 37] 1 890
 4  6 27 39] 1 869
 4  6 27 37] 1 869
 4  6 20 39] 1 869
 4  6 20 37] 1 869
 4  6 20 27] 1 869
 4  6 18 37] 1 890
 4  6 18 29] 1 890
 4  6 14 37] 1 890
 4  6 14 29] 1 890
 4  6 14 18] 1 890
 4  5 43 45] 1 829
 4  5 35 45] 1 829
 4  5 35 43] 1 829
 4  5 35 42] 1 911
 4  5 32 42] 1 911
 4  5 32 35] 1 911
 4  5 31 45] 1 829
 4  5 31 43] 1 829
 4  5 31 35] 1 829
 4  5 29 45] 1 829
 4  5 29 43] 1 829
 4  5 29 35] 1 829
 4  5 29 31] 1 829
 4  5 14 42] 1 911
 4  5 14 35] 1 911
 4  5 14 32] 1 911
 4  5 12 42] 1 911
 4  5 12 35] 1 911
 4  5 12 32] 1 911
 4  5 12 14] 1 911
 3 38 39 42] 1 889
 3 35 42 43] 1 834
 3 33 38 39] 1 873
 3 32 36 43] 1 854
 3 32 34 38] 1 888
 3 32 33 45] 1 865
 3 31 39 45] 1 885
 3 31 36 43] 1 854
 3 31 34 38] 1 888
 3 31 32 43] 1 854
 3 31 32 38] 1 888
 3 31 32 36] 1 854
 3 31 32 34] 1 888
 3 29 39 42] 1 889
 3 29 38 42] 1 889
 3 29 38 39] 1 889
 3 29 34 39] 1 849
 3 28 29 30] 1 818
 3 27 39 45] 1 885
 3 27 38 40] 1 905
 3 27 34 43] 1 917 [+]
 3 27 31 45] 1 885
 3 27 31 39] 1 885
 3 26 39 42] 1 889
 3 26 38 42] 1 889
 3 26 38 39] 1 889
 3 26 29 42] 1 889
 3 26 29 39] 1 889
 3 26 29 38] 1 889
 3 25 36 43] 1 854
 3 25 34 43] 1 817
 3 25 32 43] 1 854
37 40 41 45] 1 894
 3 25 31 43] 1 854
 3 25 31 36] 1 854
 3 25 31 32] 1 854
 3 25 29 30] 1 818
 3 25 28 30] 1 818
 3 25 28 29] 1 818
 3 24 39 45] 1 885
 3 24 34 43] 1 917 [+]
 3 24 31 45] 1 885
 3 24 31 39] 1 885
 3 24 27 45] 1 885
 3 24 27 43] 1 917 [+]
 3 24 27 39] 1 885
 3 24 27 34] 1 917 [+]
 3 24 27 31] 1 885
 3 23 34 43] 1 917 [+]
 3 23 30 44] 1 908
 3 23 27 43] 1 917 [+]
 3 23 27 34] 1 917 [+]
 3 23 24 43] 1 917 [+]
 3 23 24 34] 1 917 [+]
 3 23 24 27] 1 917 [+]
 3 22 33 45] 1 865
 3 22 32 45] 1 865
 3 22 32 33] 1 865
 3 22 30 44] 1 908
 3 22 23 44] 1 908
 3 22 23 30] 1 908
 3 21 30 44] 1 908
 3 21 23 44] 1 908
 3 21 23 30] 1 908
 3 21 22 44] 1 908
 3 21 22 30] 1 908
 3 21 22 23] 1 908
 3 20 38 40] 1 905
 3 20 36 43] 1 854
 3 20 32 43] 1 854
 3 20 32 36] 1 854
 3 20 31 43] 1 854
 3 20 31 36] 1 854
 3 20 31 32] 1 854
 3 20 27 40] 1 905
 3 20 27 38] 1 905
 3 20 25 43] 1 854
 3 20 25 36] 1 854
 3 20 25 32] 1 854
 3 20 25 31] 1 854
 3 19 31 39] 1 831
 3 18 42 43] 1 834
 3 18 35 43] 1 834
 3 18 35 42] 1 834
 3 17 34 39] 1 849
 3 17 29 39] 1 849
 3 17 29 34] 1 849
 3 16 38 40] 1 905
 3 16 31 39] 1 831
 3 16 30 44] 1 908
 3 16 27 40] 1 905
 3 16 27 38] 1 905
 3 16 25 31] 1 878
 3 16 23 44] 1 908
 3 16 23 30] 1 908
 3 16 22 44] 1 908
 3 16 22 30] 1 908
 3 16 22 23] 1 908
 3 16 21 44] 1 908
 3 16 21 30] 1 908
 3 16 21 23] 1 908
 3 16 21 22] 1 908
 3 16 20 40] 1 905
 3 16 20 38] 1 905
 3 16 20 27] 1 905
 3 16 19 39] 1 831
 3 16 19 31] 1 831
 3 15 33 45] 1 865
 3 15 32 45] 1 865
 3 15 32 33] 1 865
 3 15 29 30] 1 818
 3 15 28 30] 1 818
 3 15 28 29] 1 818
 3 15 25 30] 1 818
 3 15 25 29] 1 818
 3 15 25 28] 1 818
 3 15 22 45] 1 865
 3 15 22 33] 1 865
 3 15 22 32] 1 865
 3 14 29 30] 1 818
 3 14 28 30] 1 818
 3 14 28 29] 1 818
 3 14 25 30] 1 818
 3 14 25 29] 1 818
 3 14 25 28] 1 818
 3 14 15 30] 1 818
 3 14 15 29] 1 818
 3 14 15 28] 1 818
 3 14 15 25] 1 818
 3 13 39 42] 1 889
 3 13 38 42] 1 889
37 40 41 43] 1 894
 3 13 34 43] 1 817
 3 13 34 39] 1 849
 3 13 33 39] 1 873
 3 13 33 38] 1 873
 3 13 32 36] 1 864
 3 13 29 42] 1 889
37 38 40 44] 1 907
 3 13 29 38] 1 889
 3 13 29 34] 1 849
 3 13 26 42] 1 889
 3 13 26 39] 1 889
 3 13 26 38] 1 889
 3 13 26 29] 1 889
 3 13 25 43] 1 817
 3 13 25 36] 1 864
 3 13 25 34] 1 817
 3 13 25 32] 1 864
 3 13 19 35] 1 839
 3 13 17 39] 1 849
 3 13 17 34] 1 849
 3 13 17 29] 1 849
 3 12 38 39] 1 873
 3 12 34 43] 1 817
 3 12 34 38] 1 888
 3 12 33 39] 1 873
 3 12 33 38] 1 873
 3 12 32 38] 1 888
 3 12 32 34] 1 888
 3 12 31 38] 1 888
 3 12 31 34] 1 888
 3 12 31 32] 1 888
 3 12 25 43] 1 817
 3 12 25 34] 1 817
 3 12 19 35] 1 839
 3 12 13 43] 1 817
 3 12 13 39] 1 873
 3 12 13 38] 1 873
 3 12 13 35] 1 839
 3 12 13 34] 1 817
 3 12 13 33] 1 873
 3 12 13 25] 1 817
 3 12 13 19] 1 839
 3 11 25 31] 1 878
 3 11 19 35] 1 839
 3 11 16 31] 1 878
 3 11 16 25] 1 878
 3 11 13 35] 1 839
 3 11 13 19] 1 839
 3 11 12 35] 1 839
 3 11 12 19] 1 839
 3 11 12 13] 1 839
 3 10 32 36] 1 864
 3 10 31 39] 1 831
 3 10 25 36] 1 864
 3 10 25 32] 1 864
 3 10 19 39] 1 831
 3 10 19 31] 1 831
 3 10 16 39] 1 831
 3 10 16 31] 1 831
 3 10 16 19] 1 831
 3 10 13 36] 1 864
 3 10 13 32] 1 864
 3 10 13 25] 1 864
 3  9 34 43] 1 817
 3  9 31 39] 1 831
 3  9 25 43] 1 817
 3  9 25 34] 1 817
 3  9 19 39] 1 831
 3  9 19 35] 1 839
 3  9 19 31] 1 831
 3  9 16 39] 1 831
 3  9 16 31] 1 831
 3  9 16 19] 1 831
 3  9 13 43] 1 817
 3  9 13 35] 1 839
 3  9 13 34] 1 817
 3  9 13 25] 1 817
 3  9 13 19] 1 839
 3  9 12 43] 1 817
 3  9 12 35] 1 839
 3  9 12 34] 1 817
 3  9 12 25] 1 817
 3  9 12 19] 1 839
36 38 39 42] 1 842
 3  9 11 35] 1 839
 3  9 11 19] 1 839
 3  9 11 13] 1 839
 3  9 11 12] 1 839
 3  9 10 39] 1 831
 3  9 10 31] 1 831
 3  9 10 19] 1 831
 3  9 10 16] 1 831
 3  8 42 43] 1 834
 3  8 35 43] 1 834
 3  8 35 42] 1 834
 3  8 18 43] 1 834
 3  8 18 42] 1 834
 3  8 18 35] 1 834
 3  7 34 38] 1 888
 3  7 32 38] 1 888
 3  7 32 36] 1 864
 3  7 32 34] 1 888
 3  7 31 38] 1 888
 3  7 31 34] 1 888
 3  7 31 32] 1 888
 3  7 25 36] 1 864
 3  7 25 32] 1 864
 3  7 13 36] 1 864
 3  7 13 32] 1 864
 3  7 13 25] 1 864
 3  7 12 38] 1 888
 3  7 12 34] 1 888
 3  7 12 32] 1 888
 3  7 12 31] 1 888
 3  7 10 36] 1 864
 3  7 10 32] 1 864
 3  7 10 25] 1 864
 3  7 10 13] 1 864
 3  6 42 43] 1 834
 3  6 35 43] 1 834
 3  6 35 42] 1 834
 3  6 25 31] 1 878
 3  6 18 43] 1 834
 3  6 18 42] 1 834
 3  6 18 35] 1 834
 3  6 16 31] 1 878
 3  6 16 25] 1 878
 3  6 11 31] 1 878
 3  6 11 25] 1 878
 3  6 11 16] 1 878
 3  6  8 43] 1 834
 3  6  8 42] 1 834
 3  6  8 35] 1 834
 3  6  8 18] 1 834
 3  5 38 39] 1 873
 3  5 34 39] 1 849
 3  5 33 39] 1 873
 3  5 33 38] 1 873
 3  5 29 39] 1 849
 3  5 29 34] 1 849
 3  5 17 39] 1 849
 3  5 17 34] 1 849
 3  5 17 29] 1 849
35 38 39 41] 1 859
 3  5 13 38] 1 873
 3  5 13 34] 1 849
 3  5 13 33] 1 873
 3  5 13 29] 1 849
 3  5 13 17] 1 849
 3  5 12 39] 1 873
 3  5 12 38] 1 873
 3  5 12 33] 1 873
 3  5 12 13] 1 873
 3  4 38 40] 1 905
 3  4 27 40] 1 905
 3  4 27 38] 1 905
 3  4 20 40] 1 905
 3  4 20 38] 1 905
 3  4 20 27] 1 905
 3  4 16 40] 1 905
 3  4 16 38] 1 905
 3  4 16 27] 1 905
 3  4 16 20] 1 905
 2 37 42 45] 1 886
 2 34 38 39] 1 848
 2 32 33 45] 1 865
 2 32 33 43] 1 872
 2 30 34 38] 1 871
 2 30 33 45] 1 837
 2 30 33 43] 1 872
 2 30 32 43] 1 872
 2 30 32 33] 1 872
 2 29 33 43] 1 872
 2 29 32 43] 1 872
 2 29 32 33] 1 872
 2 29 30 43] 1 872
 2 29 30 33] 1 872
 2 29 30 32] 1 872
 2 28 42 45] 1 886
 2 28 37 45] 1 886
 2 28 37 42] 1 886
 2 28 33 45] 1 837
 2 28 31 32] 1 906
 2 28 30 45] 1 837
 2 28 30 33] 1 837
 2 28 29 43] 1 840
 2 27 37 39] 1 869
 2 27 29 43] 1 840
 2 27 28 43] 1 840
 2 27 28 29] 1 840
 2 26 43 45] 1 904
 2 26 34 38] 1 871
 2 26 30 38] 1 871
 2 26 30 34] 1 871
 2 26 27 44] 1 853
 2 25 33 45] 1 837
 2 25 30 45] 1 837
 2 25 30 33] 1 837
 2 25 28 45] 1 837
 2 25 28 33] 1 837
 2 25 28 30] 1 837
 2 23 42 45] 1 886
 2 23 37 45] 1 886
 2 23 37 42] 1 886
 2 23 28 45] 1 886
 2 23 28 42] 1 886
 2 23 28 37] 1 886
 2 23 27 44] 1 853
 2 23 26 44] 1 853
 2 23 26 27] 1 853
 2 22 38 39] 1 848
 2 22 34 39] 1 848
 2 22 34 38] 1 848
 2 22 33 45] 1 865
 2 22 32 45] 1 865
 2 22 32 33] 1 865
 2 22 28 45] 1 903
 2 21 28 45] 1 903
 2 21 22 45] 1 903
 2 21 22 28] 1 903
 2 20 37 39] 1 869
 2 20 31 32] 1 906
 2 20 28 32] 1 906
 2 20 28 31] 1 906
 2 20 27 39] 1 869
 2 20 27 37] 1 869
 2 19 42 45] 1 886
 2 19 37 45] 1 886
 2 19 37 42] 1 886
 2 19 28 45] 1 886
 2 19 28 42] 1 886
 2 19 28 37] 1 886
 2 19 23 45] 1 886
 2 19 23 42] 1 886
 2 19 23 37] 1 886
 2 19 23 28] 1 886
 2 16 38 39] 1 848
 2 16 34 39] 1 848
 2 16 34 38] 1 848
 2 16 28 45] 1 903
 2 16 25 31] 1 878
 2 16 22 45] 1 903
 2 16 22 39] 1 848
 2 16 22 38] 1 848
 2 16 22 34] 1 848
 2 16 22 28] 1 903
 2 16 21 45] 1 903
 2 16 21 28] 1 903
 2 16 21 22] 1 903
 2 15 33 45] 1 865
 2 15 32 45] 1 865
 2 15 32 33] 1 865
 2 15 28 45] 1 903
34 43 44 45] 1 882
 2 15 22 33] 1 865
 2 15 22 32] 1 865
 2 15 22 28] 1 903
 2 15 21 45] 1 903
 2 15 21 28] 1 903
 2 15 21 22] 1 903
 2 15 16 45] 1 903
 2 15 16 28] 1 903
 2 15 16 22] 1 903
 2 15 16 21] 1 903
 2 14 31 32] 1 906
 2 14 28 32] 1 906
 2 14 28 31] 1 906
 2 14 22 37] 1 915
 2 14 20 32] 1 906
 2 14 20 31] 1 906
 2 14 20 28] 1 906
 2 13 27 44] 1 853
 2 13 26 44] 1 853
 2 13 26 27] 1 853
 2 13 23 44] 1 853
 2 13 23 27] 1 853
 2 13 23 26] 1 853
 2 13 22 37] 1 915
 2 13 14 37] 1 915
 2 13 14 22] 1 915
 2 12 34 38] 1 871
 2 12 30 38] 1 871
 2 12 30 34] 1 871
 2 12 26 38] 1 871
 2 12 26 34] 1 871
 2 12 26 30] 1 871
 2 11 43 45] 1 904
 2 11 29 43] 1 840
 2 11 28 43] 1 840
 2 11 28 29] 1 840
 2 11 27 43] 1 840
 2 11 27 29] 1 840
 2 11 27 28] 1 840
 2 11 26 45] 1 904
 2 11 26 43] 1 904
 2 11 25 31] 1 878
 2 11 22 37] 1 915
 2 11 16 31] 1 878
 2 11 16 25] 1 878
 2 11 14 37] 1 915
 2 11 14 22] 1 915
 2 11 13 37] 1 915
 2 11 13 22] 1 915
 2 11 13 14] 1 915
 2  8 43 45] 1 904
 2  8 27 44] 1 853
 2  8 26 45] 1 904
 2  8 26 44] 1 853
 2  8 26 43] 1 904
 2  8 26 27] 1 853
 2  8 23 44] 1 853
 2  8 23 27] 1 853
 2  8 23 26] 1 853
 2  8 13 44] 1 853
 2  8 13 27] 1 853
 2  8 13 26] 1 853
 2  8 13 23] 1 853
 2  8 11 45] 1 904
 2  8 11 43] 1 904
 2  8 11 26] 1 904
 2  6 43 45] 1 904
 2  6 37 39] 1 869
 2  6 34 38] 1 871
 2  6 33 45] 1 837
 2  6 30 45] 1 837
 2  6 30 38] 1 871
 2  6 30 34] 1 871
 2  6 30 33] 1 837
 2  6 28 45] 1 837
 2  6 28 33] 1 837
 2  6 28 30] 1 837
 2  6 27 39] 1 869
 2  6 27 37] 1 869
 2  6 26 45] 1 904
 2  6 26 43] 1 904
 2  6 26 38] 1 871
 2  6 26 34] 1 871
 2  6 26 30] 1 871
 2  6 25 45] 1 837
 2  6 25 33] 1 837
 2  6 25 31] 1 878
 2  6 25 30] 1 837
 2  6 25 28] 1 837
 2  6 22 37] 1 915
 2  6 20 39] 1 869
 2  6 20 37] 1 869
 2  6 20 27] 1 869
 2  6 16 31] 1 878
 2  6 16 25] 1 878
 2  6 14 37] 1 915
 2  6 14 22] 1 915
 2  6 13 37] 1 915
 2  6 13 22] 1 915
 2  6 13 14] 1 915
 2  6 12 38] 1 871
 2  6 12 34] 1 871
 2  6 12 30] 1 871
 2  6 12 26] 1 871
 2  6 11 45] 1 904
 2  6 11 43] 1 904
 2  6 11 37] 1 915
 2  6 11 31] 1 878
 2  6 11 26] 1 904
 2  6 11 25] 1 878
 2  6 11 22] 1 915
 2  6 11 16] 1 878
 2  6 11 14] 1 915
 2  6 11 13] 1 915
 2  6  8 45] 1 904
 2  6  8 43] 1 904
 2  6  8 26] 1 904
 2  6  8 11] 1 904
 2  5 31 32] 1 906
 2  5 28 32] 1 906
 2  5 28 31] 1 906
 2  5 20 32] 1 906
 2  5 20 31] 1 906
 2  5 20 28] 1 906
 2  5 14 32] 1 906
 2  5 14 31] 1 906
 2  5 14 28] 1 906
 2  5 14 20] 1 906
 2  4 37 39] 1 869
 2  4 33 43] 1 872
 2  4 32 43] 1 872
 2  4 32 33] 1 872
 2  4 30 43] 1 872
 2  4 30 33] 1 872
 2  4 30 32] 1 872
34 40 42 43] 1 862
 2  4 29 33] 1 872
 2  4 29 32] 1 872
 2  4 29 30] 1 872
 2  4 28 43] 1 840
 2  4 28 29] 1 840
 2  4 27 43] 1 840
 2  4 27 39] 1 869
 2  4 27 37] 1 869
 2  4 27 29] 1 840
 2  4 27 28] 1 840
 2  4 20 39] 1 869
 2  4 20 37] 1 869
 2  4 20 27] 1 869
 2  4 11 43] 1 840
 2  4 11 29] 1 840
 2  4 11 28] 1 840
 2  4 11 27] 1 840
 2  4  6 39] 1 869
 2  4  6 37] 1 869
 2  4  6 27] 1 869
 2  4  6 20] 1 869
 2  3 33 45] 1 865
 2  3 32 45] 1 865
 2  3 32 33] 1 865
 2  3 25 31] 1 878
 2  3 22 45] 1 865
 2  3 22 33] 1 865
 2  3 22 32] 1 865
 2  3 16 31] 1 878
 2  3 16 25] 1 878
 2  3 15 45] 1 865
 2  3 15 33] 1 865
 2  3 15 32] 1 865
 2  3 15 22] 1 865
 2  3 11 31] 1 878
 2  3 11 25] 1 878
 2  3 11 16] 1 878
 2  3  6 31] 1 878
 2  3  6 25] 1 878
 2  3  6 16] 1 878
 2  3  6 11] 1 878
 1 34 38 39] 1 848
 1 33 40 45] 1 845
 1 31 39 45] 1 885
 1 31 35 39] 1 910
 1 29 40 45] 1 845
 1 29 33 45] 1 845
 1 29 33 40] 1 845
 1 28 32 42] 1 874
 1 27 39 45] 1 885
 1 27 35 39] 1 910
 1 27 34 43] 1 917 [+]
 1 27 31 45] 1 885
34 39 44 45] 1 882
 1 27 31 35] 1 910
 1 24 39 45] 1 885
 1 24 34 43] 1 917 [+]
 1 24 31 45] 1 885
 1 24 31 39] 1 885
 1 24 29 44] 1 821
 1 24 27 45] 1 885
 1 24 27 43] 1 917 [+]
 1 24 27 39] 1 885
 1 24 27 34] 1 917 [+]
 1 24 27 31] 1 885
 1 23 34 43] 1 917 [+]
 1 23 32 42] 1 874
 1 23 28 42] 1 874
 1 23 28 32] 1 874
 1 23 27 43] 1 917 [+]
 1 23 27 34] 1 917 [+]
 1 23 25 41] 1 893
 1 23 24 43] 1 917 [+]
 1 23 24 34] 1 917 [+]
 1 23 24 27] 1 917 [+]
 1 22 38 39] 1 848
 1 22 34 39] 1 848
 1 22 34 38] 1 848
 1 19 32 42] 1 874
 1 19 28 42] 1 874
 1 19 28 32] 1 874
 1 19 26 28] 1 836
 1 19 23 42] 1 874
 1 19 23 32] 1 874
 1 19 23 28] 1 874
 1 18 29 37] 1 890
 1 17 35 39] 1 910
 1 17 31 39] 1 910
 1 17 31 35] 1 910
 1 17 27 39] 1 910
 1 17 27 35] 1 910
 1 17 27 31] 1 910
 1 17 25 41] 1 893
 1 17 23 41] 1 893
 1 17 23 25] 1 893
 1 16 40 45] 1 845
 1 16 38 39] 1 848
 1 16 34 39] 1 848
 1 16 34 38] 1 848
 1 16 33 45] 1 845
 1 16 33 40] 1 845
 1 16 29 45] 1 845
 1 16 29 44] 1 821
 1 16 29 40] 1 845
 1 16 29 33] 1 845
 1 16 24 44] 1 821
 1 16 24 29] 1 821
 1 16 22 39] 1 848
 1 16 22 38] 1 848
 1 16 22 34] 1 848
 1 15 32 42] 1 874
 1 15 28 42] 1 874
 1 15 28 32] 1 874
 1 15 25 41] 1 893
 1 15 23 42] 1 874
 1 15 23 41] 1 893
 1 15 23 32] 1 874
 1 15 23 28] 1 874
 1 15 23 25] 1 893
 1 15 20 35] 1 879
 1 15 19 42] 1 874
 1 15 19 32] 1 874
 1 15 19 28] 1 874
 1 15 19 23] 1 874
 1 15 17 41] 1 893
 1 15 17 25] 1 893
 1 15 17 23] 1 893
 1 14 29 37] 1 890
 1 14 26 28] 1 836
 1 14 20 35] 1 879
 1 14 19 28] 1 836
 1 14 19 26] 1 836
 1 14 18 37] 1 890
 1 14 18 29] 1 890
 1 14 15 35] 1 879
 1 14 15 20] 1 879
 1 13 29 44] 1 821
 1 13 24 44] 1 821
 1 13 24 29] 1 821
 1 13 16 44] 1 821
 1 13 16 29] 1 821
 1 13 16 24] 1 821
 1 12 29 44] 1 821
 1 12 24 44] 1 821
 1 12 24 29] 1 821
 1 12 16 44] 1 821
 1 12 16 29] 1 821
 1 12 16 24] 1 821
 1 12 13 44] 1 821
 1 12 13 29] 1 821
 1 12 13 24] 1 821
 1 12 13 16] 1 821
 1 11 35 39] 1 910
 1 11 31 39] 1 910
 1 11 31 35] 1 910
 1 11 27 39] 1 910
 1 11 27 35] 1 910
 1 11 27 31] 1 910
 1 11 26 28] 1 836
 1 11 19 28] 1 836
 1 11 19 26] 1 836
 1 11 17 39] 1 910
 1 11 17 35] 1 910
 1 11 17 31] 1 910
 1 11 17 27] 1 910
 1 11 14 28] 1 836
 1 11 14 26] 1 836
 1 11 14 19] 1 836
 1 10 25 41] 1 893
 1 10 23 41] 1 893
 1 10 23 25] 1 893
 1 10 20 35] 1 879
 1 10 17 41] 1 893
 1 10 17 25] 1 893
 1 10 17 23] 1 893
 1 10 15 41] 1 893
 1 10 15 35] 1 879
 1 10 15 25] 1 893
 1 10 15 23] 1 893
 1 10 15 20] 1 879
 1 10 15 17] 1 893
 1 10 14 35] 1 879
 1 10 14 20] 1 879
 1 10 14 15] 1 879
 1  9 26 28] 1 836
 1  9 19 28] 1 836
 1  9 19 26] 1 836
 1  9 14 28] 1 836
 1  9 14 26] 1 836
 1  9 14 19] 1 836
 1  9 11 28] 1 836
 1  9 11 26] 1 836
 1  9 11 19] 1 836
 1  9 11 14] 1 836
 1  6 40 45] 1 845
 1  6 33 45] 1 845
 1  6 33 40] 1 845
 1  6 29 45] 1 845
 1  6 29 40] 1 845
 1  6 29 37] 1 890
 1  6 29 33] 1 845
 1  6 18 37] 1 890
 1  6 18 29] 1 890
 1  6 16 45] 1 845
 1  6 16 40] 1 845
 1  6 16 33] 1 845
 1  6 16 29] 1 845
 1  6 14 37] 1 890
 1  6 14 29] 1 890
 1  6 14 18] 1 890
 1  4 29 37] 1 890
 1  4 20 35] 1 879
 1  4 18 37] 1 890
 1  4 18 29] 1 890
 1  4 15 35] 1 879
 1  4 15 20] 1 879
 1  4 14 37] 1 890
 1  4 14 35] 1 879
 1  4 14 29] 1 890
 1  4 14 20] 1 879
 1  4 14 18] 1 890
 1  4 14 15] 1 879
 1  4 10 35] 1 879
 1  4 10 20] 1 879
 1  4 10 15] 1 879
 1  4 10 14] 1 879
 1  4  6 37] 1 890
 1  4  6 29] 1 890
 1  4  6 18] 1 890
 1  4  6 14] 1 890
 1  3 39 45] 1 885
 1  3 34 43] 1 917 [+]
 1  3 31 45] 1 885
 1  3 31 39] 1 885
 1  3 27 45] 1 885
 1  3 27 43] 1 917 [+]
 1  3 27 39] 1 885
 1  3 27 34] 1 917 [+]
 1  3 27 31] 1 885
 1  3 24 45] 1 885
 1  3 24 43] 1 917 [+]
 1  3 24 39] 1 885
 1  3 24 34] 1 917 [+]
 1  3 24 31] 1 885
34 39 43 45] 1 882
 1  3 23 43] 1 917 [+]
 1  3 23 34] 1 917 [+]
 1  3 23 27] 1 917 [+]
 1  3 23 24] 1 917 [+]
 1  2 38 39] 1 848
 1  2 34 39] 1 848
 1  2 34 38] 1 848
 1  2 22 39] 1 848
 1  2 22 38] 1 848
 1  2 22 34] 1 848
 1  2 16 39] 1 848
 1  2 16 38] 1 848
 1  2 16 34] 1 848
 1  2 16 22] 1 848
