Pair2_bonus.txt
12 42] 12 911
 6 18] 11 926
 3 12] 11 888
12 34] 10 888
26 36] 10 923
16 38] 10 905
31 32] 10 906
 3 13] 10 924
 6 37] 10 915
 4 27] 10 905
33 42] 10 914
32 42] 10 925
34 43] 10 924
17 18] 9 923
16 45] 9 903
19 24] 9 914
31 39] 9 910
18 42] 9 919
 1 12] 9 921
12 43] 9 877
17 36] 9 923
38 45] 9 896
12 24] 9 823
12 18] 9 877
30 34] 9 909
 3 43] 9 924
10 43] 9 862
24 39] 9 925
34 42] 9 925
17 21] 9 916
32 43] 9 894
 9 12] 9 866
 3 34] 9 924
13 39] 9 925
19 39] 9 902
 3 10] 9 864
16 21] 9 913
 2  6] 9 922
 6 17] 8 922
16 28] 8 903
12 19] 8 839
 6 21] 8 916
10 13] 8 864
21 35] 8 916
30 42] 8 870
21 34] 8 901
12 39] 8 873
11 17] 8 910
12 26] 8 897
 7 29] 8 909
12 33] 8 918
26 38] 8 927 [+] ( <= 896 )
 7 38] 8 918
10 18] 8 926
21 30] 8 908
24 34] 8 925
19 41] 8 894
 9 28] 8 891
21 41] 8 808
 2 43] 8 922
 2 45] 8 904
17 23] 8 923
10 34] 8 862
 3 16] 8 908
 3 31] 8 888
18 21] 8 912
34 39] 8 925
34 38] 8 888
12 38] 8 918
32 36] 8 916
 5 12] 8 921
24 41] 8 867
 6 11] 8 915
 6 16] 8 926
 9 39] 7 891
15 21] 7 903
42 43] 7 924
17 19] 7 880
41 43] 7 927 [+] ( <= 894 )
16 27] 7 914
11 33] 7 918
11 35] 7 910
10 22] 7 912
21 42] 7 898
 2 28] 7 906
38 42] 7 889
 2 32] 7 906
38 39] 7 895
18 34] 7 901
18 39] 7 882
16 24] 7 914
19 21] 7 899
18 27] 7 881
 5 21] 7 912
17 28] 7 898
33 45] 7 865
17 27] 7 922
31 38] 7 918
14 26] 7 851
 6 34] 7 871
12 31] 7 918
 5 43] 7 877
13 18] 7 900
12 28] 7 921
 6 38] 7 871
 7 12] 7 921
 7 19] 7 902
 4 18] 7 892
 3 32] 7 888
17 44] 7 919
10 36] 7 887
14 17] 7 919
13 38] 7 900
 6 10] 7 926
23 39] 7 902
12 41] 7 921
30 33] 7 909
19 30] 7 902
11 21] 7 861
11 24] 7 861
39 43] 7 882
13 36] 7 922
22 31] 7 851
10 32] 7 864
17 45] 7 887
10 31] 7 926
13 32] 7 925
25 36] 7 864
33 38] 7 918
17 43] 7 922
29 33] 7 920
 9 13] 7 891
 9 18] 7 919
13 43] 7 924
28 45] 7 903
10 21] 7 912
14 28] 7 906
28 42] 7 898
 2 29] 6 920
 2 27] 6 922
43 44] 6 924
42 45] 6 886
 2 19] 6 886
 2 17] 6 922
40 43] 6 894
 2 11] 6 915
24 36] 6 902
38 43] 6 927 [+] ( <= 862 )
16 43] 6 863
24 30] 6 909
36 45] 6 887
24 27] 6 917
36 42] 6 892
23 45] 6 896
15 41] 6 927 [+] ( <= 893 )
35 42] 6 919
16 39] 6 895
10 35] 6 879
21 45] 6 903
23 43] 6 917
10 38] 6 912
34 44] 6 924
21 37] 6 913
33 40] 6 845
10 41] 6 893
 1  3] 6 917
33 34] 6 920
12 29] 6 897
23 38] 6 896
21 36] 6 916
32 33] 6 883
15 38] 6 927 [+] ( <= 825 )
11 13] 6 924
31 42] 6 870
12 30] 6 871
30 38] 6 871
30 35] 6 909
11 19] 6 861
21 22] 6 916
11 27] 6 910
29 39] 6 889
15 34] 6 866
29 34] 6 920
29 30] 6 909
28 43] 6 868
22 39] 6 875
28 30] 6 852
22 36] 6 916
27 44] 6 914
27 43] 6 922
27 42] 6 914
21 27] 6 913
22 32] 6 916
16 20] 6 926
26 41] 6 927 [+] ( <= 923 )
26 34] 6 920
16 19] 6 914
16 18] 6 926
25 45] 6 896
12 16] 6 863
12 17] 6 877
16 17] 6 830
12 23] 6 896
25 33] 6 837
15 45] 6 903
 1 10] 6 893
24 42] 6 925
12 45] 6 896
15 24] 6 823
15 22] 6 927 [+] ( <= 903 )
20 31] 6 926
19 45] 6 894
15 18] 6 844
13 26] 6 889
14 18] 6 919
18 43] 6 882
18 41] 6 923
18 38] 6 912
18 37] 6 898
18 31] 6 926
14 38] 6 900
18 20] 6 926
17 41] 6 923
14 37] 6 915
14 36] 6 887
17 37] 6 898
13 42] 6 925
17 24] 6 880
10 16] 6 926
10 15] 6 893
10 14] 6 887
10 12] 6 812
 9 43] 6 858
 9 34] 6 866
 9 26] 6 892
 9 17] 6 919
 8 21] 6 912
 8 19] 6 899
 7 45] 6 880
 4 32] 6 925
 7 33] 6 918
 7 30] 6 909
 7 24] 6 909
 4 17] 6 892
 7 13] 6 900
 6 45] 6 904
 6 36] 6 922
 6 30] 6 871
 5 45] 6 896
 5 41] 6 921
 5 39] 6 873
 5 38] 6 918
 5 16] 6 876
 5 14] 6 911
 5 13] 6 873
 5 11] 6 918
 4 43] 6 927 [+] ( <= 872 )
 4 42] 6 925
 4 29] 6 890
 4 26] 6 927 [+] ( <= 892 )
 4 20] 6 905
 4 16] 6 905
 4 14] 6 911
 3 42] 6 924
 3 39] 6 889
 3 36] 6 923
 3 25] 6 878
21 43] 5 863
43 45] 5 904
41 45] 5 894
24 38] 5 880
16 44] 5 914
17 33] 5 852
19 42] 5 914
13 29] 5 889
16 25] 5 926
16 26] 5 895
17 25] 5 893
12 15] 5 866
11 42] 5 924
21 28] 5 903
11 39] 5 910
15 19] 5 874
12 14] 5 911
21 44] 5 908
28 37] 5 898
19 36] 5 902
15 17] 5 893
14 30] 5 841
 9 36] 5 892
 9 35] 5 919
15 16] 5 903
 9 32] 5 883
22 41] 5 927 [+] ( <= 921 )
12 22] 5 921
 9 19] 5 891
29 31] 5 829
19 31] 5 891
 9 14] 5 919
16 31] 5 926
29 38] 5 907
 8 43] 5 904
12 13] 5 873
20 38] 5 905
 8 18] 5 912
13 27] 5 922
21 31] 5 870
22 30] 5 908
 7 34] 5 909
26 40] 5 851
 7 31] 5 918
14 22] 5 915
30 39] 5 902
26 42] 5 892
18 45] 5 882
30 43] 5 872
 7 18] 5 900
15 43] 5 927 [+] ( <= 855 )
23 28] 5 886
26 43] 5 927 [+] ( <= 920 )
 6 40] 5 913
14 16] 5 913
16 33] 5 914
25 42] 5 870
 6 35] 5 916
16 34] 5 876
 6 33] 5 845
11 45] 5 904
 6 27] 5 922
 6 25] 5 926
11 14] 5 915
23 34] 5 917
31 43] 5 854
16 36] 5 850
 6 13] 5 922
 6 12] 5 897
11 12] 5 918
32 40] 5 894
24 43] 5 917
14 32] 5 911
13 34] 5 925
18 35] 5 919
26 45] 5 904
 5 34] 5 901
 5 32] 5 911
 5 31] 5 918
 5 30] 5 901
 5 22] 5 921
33 35] 5 909
 5 18] 5 912
20 27] 5 905
18 30] 5 901
15 33] 5 865
10 42] 5 862
18 26] 5 923
 4 45] 5 884
21 26] 5 876
18 24] 5 823
35 39] 5 910
22 34] 5 875
 4 28] 5 884
33 43] 5 920
18 22] 5 912
11 43] 5 924
34 35] 5 909
15 31] 5 825
27 36] 5 922
 4 10] 5 879
 4  7] 5 828
 4  5] 5 911
21 38] 5 912
27 37] 5 913
17 42] 5 919
 3 38] 5 905
13 24] 5 925
10 39] 5 831
 3 33] 5 920
34 41] 5 779
34 45] 5 882
 3 29] 5 920
 3 26] 5 923
26 30] 5 871
 3 23] 5 923
16 40] 5 913
36 38] 5 842
36 39] 5 902
21 40] 5 913
37 41] 5 894
24 31] 5 885
 2 37] 5 915
 2 33] 5 920
24 33] 5 914
 2 30] 5 872
22 24] 5 867
10 27] 5 887
17 38] 5 880
 2 26] 5 920
 2 25] 5 878
 2 22] 5 915
19 44] 5 914
27 38] 5 907
 2 12] 5 871
17 35] 5 919
39 41] 5 895
 2  3] 5 920
 1 26] 5 836
 1 23] 5 917
 1 16] 5 848
39 42] 5 925
 7 36] 5 902
22 26] 4 927 [+] ( <= 897 )
 9 33] 4 883
13 37] 4 915
 9 30] 4 852
21 39] 4 899
21 32] 4 916
 9 23] 4 858
 9 20] 4 881
21 25] 4 870
15 28] 4 903
33 36] 4 838
23 27] 4 917
42 44] 4 924
14 27] 4 913
 9 10] 4 835
 8 45] 4 904
14 15] 4 879
 8 42] 4 860
 8 33] 4 899
 8 31] 4 825
 8 27] 4 887
15 25] 4 893
20 36] 4 854
13 14] 4 915
 8 17] 4 887
 8 10] 4 912
40 41] 4 894
 7 39] 4 902
39 45] 4 885
10 25] 4 926
38 41] 4 927 [+] ( <= 895 )
13 16] 4 900
20 28] 4 906
38 40] 4 907
37 45] 4 894
13 19] 4 891
10 28] 4 857
37 40] 4 913
13 25] 4 864
 7 17] 4 880
 7 16] 4 900
16 42] 4 914
37 38] 4 907
 7 11] 4 918
36 43] 4 922
 3 41] 4 923
 6 43] 4 922
 6 41] 4 779
19 43] 4 894
36 41] 4 923
16 41] 4 895
36 37] 4 778
35 43] 4 863
35 38] 4 900
19 37] 4 899
34 36] 4 875
 6 29] 4 897
33 44] 4 914
 6 26] 4 904
19 34] 4 875
 6 22] 4 916
32 41] 4 894
32 39] 4 925
32 38] 4 888
32 34] 4 925
 6 14] 4 915
14 45] 4 887
19 28] 4 891
31 45] 4 885
13 31] 4 891
 6  7] 4 897
11 16] 4 878
31 35] 4 910
19 23] 4 902
31 34] 4 888
30 45] 4 846
13 28] 4 891
 5 33] 4 918
30 44] 4 908
18 44] 4 919
30 41] 4 846
 5 28] 4 921
 5 27] 4 787
 5 26] 4 896
 5 24] 4 876
11 18] 4 802
30 36] 4 902
 5 20] 4 906
14 41] 4 867
 5 17] 4 877
29 44] 4 907
29 43] 4 920
18 23] 4 923
14 40] 4 913
11 29] 4 840
29 35] 4 909
13 41] 4 891
18 32] 4 883
 4 41] 4 927 [+] ( <= 779 )
 4 39] 4 925
 4 37] 4 890
 4 33] 4 872
14 20] 4 906
 4 30] 4 872
11 30] 4 852
18 29] 4 890
18 28] 4 898
28 38] 4 857
28 35] 4 898
11 41] 4 778
24 29] 4 909
27 45] 4 887
 4 15] 4 927 [+] ( <= 879 )
13 33] 4 873
11 44] 4 924
16 22] 4 908
 4  6] 4 890
27 31] 4 910
18 19] 4 833
12 44] 4 868
27 28] 4 840
26 39] 4 895
26 29] 4 920
26 28] 4 847
25 43] 4 868
12 21] 4 863
25 32] 4 870
 3 30] 4 908
25 31] 4 926
 3 27] 4 917
25 28] 4 868
12 25] 4 896
 3 24] 4 917
14 35] 4 919
 3 22] 4 908
 3 19] 4 839
 3 17] 4 923
24 45] 4 885
24 40] 4 867
13 45] 4 846
15 42] 4 874
 3  9] 4 839
 3  8] 4 834
17 29] 4 849
24 32] 4 925
 2 42] 4 886
 2 39] 4 869
 2 38] 4 871
12 27] 4 822
 2 36] 4 922
17 26] 4 923
24 26] 4 876
 2 31] 4 906
23 42] 4 886
15 40] 4 823
17 22] 4 916
15 39] 4 866
13 30] 4 846
13 35] 4 900
10 17] 4 893
12 32] 4 911
23 26] 4 923
 2 16] 4 903
 2 14] 4 915
 2 13] 4 922
23 24] 4 917
22 44] 4 908
 2 10] 4 798
22 42] 4 847
 2  4] 4 872
22 38] 4 927 [+] ( <= 912 )
 1 43] 4 917
 1 41] 4 921
 1 39] 4 910
 1 28] 4 921
 9 42] 4 919
 1 24] 4 917
12 35] 4 911
 9 38] 4 858
 1 15] 4 893
 1 14] 4 890
22 35] 4 916
12 36] 4 897
 1  9] 4 836
 7 22] 4 921
17 40] 3 867
 6 28] 3 857
17 39] 3 910
17 34] 3 849
17 32] 3 916
17 31] 3 910
16 37] 3 913
 6 20] 3 926
 6 19] 3 794
16 30] 3 908
16 29] 3 845
15 36] 3 783
15 32] 3 874
15 26] 3 927 [+] ( <= 823 )
15 23] 3 893
15 20] 3 879
14 44] 3 919
 6  8] 3 904
14 43] 3 832
14 42] 3 919
14 33] 3 841
 5 42] 3 911
14 31] 3 906
14 29] 3 890
14 24] 3 867
 5 36] 3 850
14 23] 3 884
14 19] 3 867
 1  2] 3 848
13 44] 3 924
13 40] 3 832
 5 29] 3 849
11 38] 3 918
11 36] 3 811
11 31] 3 918
11 28] 3 852
 5 23] 3 901
11 26] 3 904
11 25] 3 878
10 45] 3 887
10 40] 3 862
10 37] 3 742
10 30] 3 820
10 29] 3 788
10 26] 3 804
10 24] 3 856
10 23] 3 893
 5 10] 3 912
 5  9] 3 803
 5  7] 3 921
 5  6] 3 830
10 19] 3 831
41 44] 3 868
40 45] 3 894
40 44] 3 907
 4 40] 3 905
40 42] 3 870
 4 38] 3 927 [+] ( <= 905 )
37 44] 3 907
 4 35] 3 911
 4 34] 3 925
37 39] 3 899
36 40] 3 796
 4 31] 3 829
10 11] 3 810
35 44] 3 919
35 41] 3 859
34 37] 3 866
32 45] 3 894
 4 25] 3 860
 4 24] 3 925
32 35] 3 916
 4 19] 3 843
31 41] 3 895
31 36] 3 854
31 33] 3 918
29 37] 3 907
 9 31] 3 891
 4 13] 3 925
 4 12] 3 911
 4 11] 3 840
29 32] 3 872
 4  9] 3 892
28 44] 3 868
 9 27] 3 881
28 41] 3 921
 3 45] 3 885
 3 44] 3 924
 9 24] 3 824
28 39] 3 891
28 36] 3 850
27 41] 3 790
27 40] 3 913
27 39] 3 910
 9 16] 3 831
27 34] 3 917
27 32] 3 881
27 30] 3 813
 9 11] 3 852
27 29] 3 907
26 32] 3 881
 8 44] 3 855
26 27] 3 881
25 40] 3 870
 8 38] 3 912
 3 20] 3 905
 8 36] 3 887
 3 18] 3 923
 8 35] 3 859
25 30] 3 870
 8 32] 3 860
25 26] 3 896
 3 11] 3 924
24 44] 3 914
24 35] 3 909
23 44] 3 908
 3  6] 3 878
23 41] 3 923
23 37] 3 886
 8 15] 3 855
 8 13] 3 853
 8 12] 3 790
23 36] 3 923
23 31] 3 895
 2 34] 3 920
 7 44] 3 855
23 30] 3 908
22 45] 3 903
22 43] 3 927 [+] ( <= 877 )
 7 35] 3 909
22 33] 3 883
22 29] 3 897
22 28] 3 921
22 23] 3 908
 2 24] 3 754
 2 23] 3 886
21 33] 3 899
 2 21] 3 903
 7 25] 3 864
21 24] 3 876
 7 23] 3 902
 2 15] 3 903
20 40] 3 905
20 39] 3 899
20 37] 3 899
20 34] 3 901
20 33] 3 899
 2  8] 3 904
 2  7] 3 792
 7 15] 3 855
 2  5] 3 906
20 32] 3 906
20 24] 3 850
 1 45] 3 885
20 21] 3 901
19 40] 3 894
19 38] 3 880
 1 36] 3 804
 1 34] 3 917
 1 33] 3 845
 1 29] 3 890
19 35] 3 839
 1 27] 3 917
19 33] 3 914
19 29] 3 816
19 27] 3 914
 1 19] 3 874
 1 17] 3 910
19 25] 3 861
19 22] 3 875
18 40] 3 851
18 36] 3 923
 1 11] 3 910
18 33] 3 883
 6 31] 3 926
 1  6] 3 890
 1  4] 3 890
18 25] 3 926
20 23] 2 901
33 37] 2 899
13 23] 2 858
13 22] 2 915
 5 37] 2 830
33 39] 2 899
 5 35] 2 911
15 35] 2 879
 9 44] 2 919
20 25] 2 926
 2  9] 2 803
 9 41] 2 891
 9 40] 2 776
13 17] 2 922
20 30] 2 901
 9 37] 2 883
 6 32] 2 916
13 15] 2 844
35 36] 2 916
35 37] 2 898
20 43] 2 854
35 45] 2 835
 1 44] 2 821
21 23] 2 908
 9 29] 2 866
25 34] 2 817
10 33] 2 807
21 29] 2 907
 1 42] 2 874
 1 40] 2 845
12 37] 2 866
 1 35] 2 910
37 42] 2 898
15 44] 2 855
 9 21] 2 776
22 37] 2 915
 4 44] 2 768
22 40] 2 867
23 25] 2 896
29 42] 2 889
23 32] 2 874
 9 15] 2 866
 1 32] 2 874
 1 31] 2 910
 4 36] 2 892
24 25] 2 861
16 23] 2 908
37 43] 2 894
25 27] 2 860
25 29] 2 818
38 44] 2 907
39 40] 2 823
 8 41] 2 859
 8 40] 2 776
 8 39] 2 899
 6 15] 2 809
 8 37] 2 899
 1 22] 2 921
 4 22] 2 927 [+] ( <= 730 )
 4 21] 2 843
12 20] 2 822
25 38] 2 896
 1 21] 2 796
16 35] 2 900
25 41] 2 893
25 44] 2 868
17 20] 2 838
39 44] 2 882
10 20] 2 926
26 31] 2 895
 8 26] 2 904
 8 25] 2 860
 4  8] 2 860
 8 24] 2 859
 1 13] 2 821
 8 22] 2 912
26 33] 2 920
 8 20] 2 899
17 30] 2 852
26 44] 2 853
44 45] 2 882
19 26] 2 836
 1  7] 2 921
 8 16] 2 763
 3 37] 2 753
27 35] 2 910
 3 35] 2 839
 5 44] 2 827
28 29] 2 840
28 31] 2 906
 8 11] 2 904
11 40] 2 809
 8  9] 2 776
 3 28] 2 818
28 32] 2 906
 1  5] 2 921
 7 43] 2 855
 7 42] 2 761
 7 41] 2 921
19 32] 2 894
 3 21] 2 908
11 37] 2 915
28 33] 2 852
11 34] 2 924
28 34] 2 857
 3 15] 2 865
 3 14] 2 818
11 32] 2 772
 7 32] 2 888
14 39] 2 842
29 36] 2 897
 7 28] 2 921
 3  7] 2 888
 3  5] 2 873
 3  4] 2 905
 7 26] 2 897
 2 44] 2 853
14 21] 2 913
29 40] 2 907
 2 41] 2 798
15 27] 2 780
15 29] 2 866
29 45] 2 845
11 22] 2 915
30 32] 2 872
 7 14] 2 900
30 37] 2 755
30 40] 2 870
 7  9] 2 824
 7  8] 2 855
11 15] 2 809
31 40] 2 870
31 44] 2 851
 2 20] 2 906
 6 42] 2 834
32 37] 2 894
15 30] 2 818
 6 39] 2 869
10 44] 2 856
 5 40] 1 796
13 21] 1 810
 9 45] 1 835
20 26] 1 881
 5 25] 1 896
20 35] 1 879
20 42] 1 767
20 44] 1 751
20 45] 1 782
12 40] 1 823
22 25] 1 861
 9 25] 1 817
22 27] 1 760
 5  8] 1 912
 9 22] 1 883
23 33] 1 799
23 40] 1 809
24 28] 1 850
24 37] 1 753
 5 15] 1 767
25 35] 1 807
25 37] 1 801
 4 23] 1 884
 8 34] 1 763
25 39] 1 731
 8 30] 1 790
 8 29] 1 754
 8 28] 1 776
 8 23] 1 853
26 37] 1 755
 3 40] 1 905
27 33] 1 914
 8 14] 1 887
14 25] 1 818
 7 40] 1 752
 2 35] 1 788
 2 18] 1 736
15 37] 1 866
31 37] 1 806
16 32] 1 763
 1 25] 1 893
35 40] 1 733
 7 10] 1 864
11 23] 1 809
14 34] 1 749
 1 20] 1 879
32 44] 1 883
 1 18] 1 890
36 44] 1 875
30 31] 1 870
41 42] 1 833
 6 24] 1 779
 1 38] 1 848
 6  9] 1 787
 1 37] 1 890
19 20] 1 899
 6 23] 1 809
 1  8] 1 765
 7 27] 1 768
 7 20] 1 752
28 40] 1 776
34 40] 1 862
20 22] 1 767
 6 44] 1 757
