Pair1.txt
39] 23 910
38] 20 912
43] 19 917 [+]
16] 19 914
18] 18 912
28] 18 906
33] 17 914
45] 16 904
42] 16 914
13] 16 915
19] 15 914
21] 15 916
22] 15 916
30] 15 909
26] 15 904
14] 15 913
24] 14 917 [+]
12] 14 911
 5] 14 912
44] 13 914
17] 13 910
34] 13 909
32] 13 916
29] 13 909
25] 13 896
27] 12 917 [+]
 9] 12 892
35] 12 916
 4] 12 911
 3] 12 917 [+]
 2] 12 915
31] 11 906
40] 11 907
 6] 11 916
36] 11 916
 8] 11 912
 1] 11 917 [+]
23] 11 917 [+]
37] 11 915
 7] 10 909
15] 10 903
11] 10 915
41] 9 895
10] 8 879
20] 7 901
