Pair4.txt
27 29 38 44] 2 907
11 34 42 44] 2 924
23 28 37 45] 2 886
 9 17 18 42] 2 919
11 12 29 33] 2 827
15 21 34 41] 2 744
11 12 33 38] 2 918
16 33 40 45] 2 845
17 21 26 36] 2 815
17 28 43 44] 2 868
 9 12 39 43] 2 770
11 21 36 45] 2 811
19 23 28 42] 2 886
 7 29 34 35] 2 909
 7 24 29 34] 2 909
 7 19 23 24] 2 902
 7 12 31 38] 2 918
 6 21 35 36] 2 916
 6 16 37 38] 2 830
 5  9 30 43] 2 803
 4 18 27 32] 2 881
 4 10 14 15] 2 879
 3 13 31 32] 2 805
 3 10 31 39] 2 831
 3  9 12 13] 2 839
 1 21 26 41] 2 796
 1  9 12 23] 2 770
 1  3 24 27] 2 917
 1  3 12 43] 2 812
34 38 40 42] 1 862
34 35 42 44] 1 813
34 35 39 41] 1 766
33 40 42 43] 1 759
33 38 40 45] 1 819
33 36 42 45] 1 746
33 36 42 43] 1 759
33 36 40 43] 1 759
33 36 40 42] 1 759
32 40 41 43] 1 894
32 38 39 43] 1 858
32 37 41 43] 1 894
32 37 40 43] 1 894
32 37 40 41] 1 894
32 36 39 42] 1 842
32 34 39 42] 1 925
32 33 37 44] 1 883
32 33 35 40] 1 733
31 38 39 41] 1 895
31 35 43 45] 1 829
31 34 38 45] 1 782
31 32 41 43] 1 808
31 32 39 45] 1 797
31 32 36 43] 1 854
30 41 43 45] 1 846
30 39 41 42] 1 833
30 35 42 44] 1 813
30 35 39 41] 1 766
30 34 42 44] 1 813
30 34 39 44] 1 875
30 34 39 41] 1 766
30 34 35 44] 1 813
30 34 35 42] 1 813
30 34 35 41] 1 766
30 34 35 39] 1 766
30 33 34 42] 1 843
30 32 40 42] 1 870
30 32 33 43] 1 872
29 38 40 44] 1 907
29 38 39 42] 1 889
29 34 37 39] 1 866
29 33 40 45] 1 845
29 33 38 42] 1 775
29 33 34 35] 1 739
29 30 38 44] 1 768
29 30 34 35] 1 909
28 41 43 44] 1 868
28 38 42 45] 1 814
28 38 42 43] 1 738
28 37 43 44] 1 801
28 37 42 45] 1 886
28 35 39 43] 1 863
28 35 37 42] 1 898
28 31 39 41] 1 891
28 30 33 45] 1 837
28 30 33 35] 1 852
27 38 42 43] 1 738
27 38 40 44] 1 907
27 34 44 45] 1 741
27 31 42 43] 1 760
27 30 38 44] 1 768
27 29 40 44] 1 907
27 29 38 40] 1 907
27 29 30 44] 1 768
27 29 30 38] 1 768
27 28 42 43] 1 738
27 28 38 43] 1 738
27 28 38 42] 1 738
26 38 39 41] 1 895
26 36 40 41] 1 796
26 36 39 42] 1 842
26 33 34 43] 1 920
26 32 39 42] 1 842
26 32 36 42] 1 842
26 32 36 39] 1 842
26 31 39 41] 1 895
26 31 38 41] 1 895
26 31 38 39] 1 895
26 28 30 42] 1 847
26 28 30 36] 1 755
25 38 40 45] 1 819
25 37 43 44] 1 801
25 33 40 45] 1 819
25 33 38 45] 1 819
25 33 38 40] 1 819
25 32 40 42] 1 870
25 32 36 43] 1 854
25 31 36 43] 1 854
25 31 32 43] 1 854
25 31 32 36] 1 854
25 30 40 42] 1 870
25 30 33 45] 1 837
25 30 32 42] 1 870
25 30 32 40] 1 870
25 28 43 44] 1 801
25 28 37 44] 1 801
25 28 37 43] 1 801
25 28 33 45] 1 837
25 28 30 45] 1 837
25 28 30 33] 1 837
25 28 29 30] 1 818
25 26 38 45] 1 896
25 26 27 36] 1 815
24 41 43 44] 1 856
24 40 43 44] 1 856
24 40 41 44] 1 856
24 40 41 43] 1 856
24 34 39 42] 1 925
24 33 42 44] 1 914
24 33 35 40] 1 733
24 32 39 42] 1 925
24 32 35 40] 1 733
24 32 34 42] 1 925
24 32 34 39] 1 925
24 32 33 40] 1 733
24 32 33 35] 1 733
24 31 34 36] 1 764
24 30 34 35] 1 909
24 29 34 38] 1 824
24 29 34 35] 1 909
24 29 30 35] 1 909
24 29 30 34] 1 909
24 28 36 39] 1 850
24 27 39 45] 1 885
24 26 39 40] 1 823
24 26 34 45] 1 749
24 25 33 36] 1 826
23 38 42 43] 1 738
23 37 42 45] 1 886
23 34 42 45] 1 799
23 31 37 38] 1 806
23 28 42 45] 1 886
23 28 42 43] 1 738
23 28 38 43] 1 738
23 28 38 42] 1 738
23 28 37 42] 1 886
23 27 42 43] 1 738
23 27 38 43] 1 738
23 27 38 42] 1 738
23 27 28 43] 1 738
23 27 28 42] 1 738
23 27 28 38] 1 738
23 26 27 44] 1 853
23 24 36 39] 1 902
23 24 31 39] 1 784
23 24 27 43] 1 917
22 38 41 43] 1 927 [+] 
22 38 39 41] 1 859
22 35 39 41] 1 859
22 35 38 41] 1 859
22 35 38 39] 1 859
22 34 39 44] 1 875
22 33 34 35] 1 739
22 32 39 45] 1 797
22 32 35 36] 1 916
22 32 33 45] 1 865
22 31 42 43] 1 760
22 31 39 45] 1 797
22 31 34 36] 1 764
22 31 32 45] 1 797
22 31 32 39] 1 797
22 30 39 44] 1 875
22 30 35 42] 1 820
22 30 34 44] 1 875
22 30 34 39] 1 875
22 29 34 35] 1 739
22 29 33 35] 1 739
22 29 33 34] 1 739
22 27 42 43] 1 760
22 27 31 43] 1 760
22 27 31 42] 1 760
22 26 31 44] 1 851
22 24 34 36] 1 764
22 24 31 36] 1 764
22 24 31 34] 1 764
21 38 42 45] 1 814
21 38 40 44] 1 907
21 36 40 41] 1 796
21 36 37 41] 1 778
21 35 39 43] 1 863
21 35 38 43] 1 793
21 35 37 42] 1 898
21 35 37 41] 1 778
21 35 36 41] 1 778
21 35 36 37] 1 778
21 34 44 45] 1 741
21 34 41 44] 1 743
21 33 34 42] 1 843
21 32 41 43] 1 808
21 32 40 42] 1 870
21 32 35 36] 1 916
21 31 41 43] 1 808
21 31 33 38] 1 825
21 31 32 43] 1 808
21 31 32 41] 1 808
21 30 40 42] 1 870
21 30 35 42] 1 820
21 30 34 42] 1 843
21 30 33 42] 1 843
21 30 33 34] 1 843
21 30 32 42] 1 870
21 30 32 40] 1 870
21 29 40 44] 1 907
21 29 38 44] 1 907
21 29 38 40] 1 907
21 28 42 45] 1 814
21 28 39 43] 1 863
21 28 38 45] 1 814
21 28 38 42] 1 814
21 28 37 42] 1 898
21 28 35 43] 1 863
21 28 35 42] 1 898
21 28 35 39] 1 863
21 28 35 37] 1 898
21 27 44 45] 1 741
21 27 40 44] 1 907
21 27 38 44] 1 907
21 27 38 40] 1 907
21 27 34 45] 1 741
21 27 34 44] 1 741
21 27 29 44] 1 907
21 27 29 40] 1 907
21 27 29 38] 1 907
21 26 40 41] 1 796
21 26 36 45] 1 729
21 26 36 41] 1 796
21 26 36 40] 1 796
21 26 34 42] 1 876
21 26 27 36] 1 815
21 25 40 42] 1 870
21 25 32 42] 1 870
21 25 32 40] 1 870
21 25 30 42] 1 870
21 25 30 40] 1 870
21 25 30 32] 1 870
21 25 27 36] 1 815
21 25 26 36] 1 815
21 25 26 27] 1 815
21 22 35 42] 1 820
21 22 35 36] 1 916
21 22 32 36] 1 916
21 22 32 35] 1 916
21 22 30 42] 1 820
21 22 30 35] 1 820
21 22 23 44] 1 908
20 33 40 43] 1 752
20 32 36 43] 1 854
20 31 37 38] 1 806
20 31 36 43] 1 854
20 31 34 42] 1 767
20 31 32 43] 1 854
20 31 32 36] 1 854
20 28 36 39] 1 850
20 27 37 39] 1 869
20 26 27 32] 1 881
20 25 36 43] 1 854
20 25 32 43] 1 854
20 25 32 36] 1 854
20 25 31 43] 1 854
20 25 31 36] 1 854
20 25 31 32] 1 854
20 24 36 39] 1 850
20 24 28 39] 1 850
20 24 28 36] 1 850
20 24 27 36] 1 822
20 23 37 38] 1 806
20 23 31 38] 1 806
20 23 31 37] 1 806
20 23 30 34] 1 901
20 21 33 39] 1 899
19 40 41 43] 1 894
19 37 42 45] 1 886
19 37 41 43] 1 894
19 37 40 43] 1 894
19 37 40 41] 1 894
19 34 41 44] 1 743
19 34 39 44] 1 875
19 33 42 44] 1 914
19 33 34 42] 1 843
19 32 41 43] 1 894
19 32 40 43] 1 894
19 32 40 41] 1 894
19 32 37 43] 1 894
19 32 37 41] 1 894
19 32 37 40] 1 894
19 30 39 44] 1 875
19 30 34 44] 1 875
19 30 34 42] 1 843
19 30 34 39] 1 875
19 30 33 42] 1 843
19 30 33 34] 1 843
19 29 31 39] 1 816
19 28 42 45] 1 886
19 28 37 45] 1 886
19 28 37 42] 1 886
19 27 30 41] 1 790
19 26 40 43] 1 832
19 25 29 36] 1 792
19 24 42 44] 1 914
19 24 37 41] 1 753
19 24 36 39] 1 902
19 24 34 41] 1 779
19 24 33 44] 1 914
19 24 33 42] 1 914
19 23 42 45] 1 886
19 23 37 45] 1 886
19 23 37 42] 1 886
19 23 36 39] 1 902
19 23 28 45] 1 886
19 23 28 37] 1 886
19 23 24 45] 1 880
19 23 24 39] 1 902
19 23 24 36] 1 902
19 22 39 44] 1 875
19 22 34 44] 1 875
19 22 34 39] 1 875
19 22 30 44] 1 875
19 22 30 39] 1 875
19 22 30 34] 1 875
19 22 24 40] 1 867
19 21 41 44] 1 743
19 21 36 45] 1 811
19 21 34 44] 1 743
19 21 34 42] 1 843
19 21 34 41] 1 743
19 21 33 42] 1 843
19 21 33 39] 1 899
19 21 33 34] 1 843
19 21 31 35] 1 773
19 21 30 42] 1 843
19 21 30 34] 1 843
19 21 30 33] 1 843
19 21 27 45] 1 780
19 21 22 25] 1 861
19 20 33 39] 1 899
19 20 21 39] 1 899
19 20 21 33] 1 899
18 43 44 45] 1 882
18 41 43 45] 1 846
18 39 44 45] 1 882
18 39 43 45] 1 882
18 39 43 44] 1 882
18 39 41 42] 1 833
18 35 42 43] 1 834
18 35 37 42] 1 898
18 34 44 45] 1 882
18 34 43 45] 1 882
18 34 43 44] 1 882
18 34 39 45] 1 882
18 34 39 44] 1 882
18 34 39 43] 1 882
18 34 38 45] 1 782
18 33 37 44] 1 883
18 32 37 44] 1 883
18 32 33 44] 1 883
18 32 33 37] 1 883
18 31 38 45] 1 782
18 31 34 45] 1 782
18 31 34 38] 1 782
18 30 43 45] 1 846
18 30 41 45] 1 846
18 30 41 43] 1 846
18 30 41 42] 1 833
18 30 39 42] 1 833
18 30 39 41] 1 833
18 29 31 39] 1 816
18 28 37 42] 1 898
18 28 35 42] 1 898
18 28 35 37] 1 898
18 28 34 42] 1 774
18 26 39 40] 1 823
18 26 31 44] 1 851
18 26 27 32] 1 881
18 25 34 35] 1 807
18 25 27 32] 1 860
18 24 39 40] 1 823
18 24 27 41] 1 737
18 24 27 36] 1 822
18 24 26 40] 1 823
18 24 26 39] 1 823
18 23 36 41] 1 923
18 23 30 34] 1 901
18 22 31 44] 1 851
18 22 26 44] 1 851
18 22 26 31] 1 851
18 22 23 43] 1 877
18 21 37 42] 1 898
18 21 35 42] 1 898
18 21 35 37] 1 898
18 21 34 41] 1 744
18 21 28 42] 1 898
18 21 28 40] 1 776
18 21 28 37] 1 898
18 21 28 35] 1 898
18 21 22 38] 1 912
18 20 30 34] 1 901
18 20 27 36] 1 822
18 20 27 32] 1 881
18 20 26 32] 1 881
18 20 26 27] 1 881
18 20 25 31] 1 926
18 20 24 36] 1 822
18 20 24 27] 1 822
18 20 23 34] 1 901
18 20 23 30] 1 901
18 19 31 39] 1 816
18 19 30 38] 1 794
18 19 29 39] 1 816
18 19 29 31] 1 816
18 19 24 39] 1 781
17 41 43 44] 1 868
17 37 43 44] 1 801
17 34 42 45] 1 799
17 33 36 38] 1 838
17 30 33 35] 1 852
17 29 34 39] 1 849
17 28 41 44] 1 868
17 28 41 43] 1 868
17 28 37 44] 1 801
17 28 37 43] 1 801
17 28 33 35] 1 852
17 28 30 35] 1 852
17 28 30 33] 1 852
17 27 36 45] 1 887
17 27 35 39] 1 910
17 26 36 45] 1 729
17 26 27 36] 1 815
17 25 43 44] 1 801
17 25 37 44] 1 801
17 25 37 43] 1 801
17 25 28 44] 1 801
17 25 28 43] 1 801
17 25 28 37] 1 801
17 25 27 36] 1 815
17 25 26 36] 1 815
17 25 26 27] 1 815
17 24 37 41] 1 753
17 24 29 31] 1 754
17 23 42 45] 1 799
17 23 36 41] 1 923
17 23 34 45] 1 799
17 23 34 42] 1 799
17 23 25 41] 1 893
17 23 24 45] 1 880
17 22 24 40] 1 867
17 22 23 43] 1 877
17 21 36 45] 1 729
17 21 34 37] 1 777
17 21 27 45] 1 780
17 21 27 36] 1 815
17 21 26 45] 1 729
17 21 26 27] 1 815
17 21 25 36] 1 815
17 21 25 27] 1 815
17 21 25 26] 1 815
17 21 22 25] 1 861
17 19 43 44] 1 855
17 19 37 41] 1 753
17 19 27 45] 1 780
17 19 24 45] 1 880
17 19 24 41] 1 753
17 19 24 40] 1 867
17 19 24 37] 1 753
17 19 23 45] 1 880
17 19 23 24] 1 880
17 19 22 40] 1 867
17 19 22 25] 1 861
17 19 22 24] 1 867
17 19 21 45] 1 780
17 19 21 27] 1 780
17 19 21 25] 1 861
17 19 21 22] 1 861
17 18 42 44] 1 919
17 18 36 41] 1 923
17 18 26 42] 1 892
17 18 23 43] 1 877
17 18 23 41] 1 923
17 18 23 36] 1 923
17 18 22 43] 1 877
17 18 22 23] 1 877
17 18 21 29] 1 771
17 18 21 27] 1 736
16 38 41 45] 1 734
16 38 40 45] 1 819
16 38 39 41] 1 895
16 37 41 45] 1 734
16 37 38 45] 1 734
16 37 38 41] 1 734
16 35 39 43] 1 863
16 33 42 44] 1 914
16 33 40 43] 1 752
16 33 38 45] 1 819
16 33 38 40] 1 819
16 32 34 43] 1 763
16 31 39 41] 1 895
16 31 38 41] 1 895
16 31 38 39] 1 895
16 29 40 45] 1 845
16 29 33 45] 1 845
16 29 33 40] 1 845
16 28 39 43] 1 863
16 28 36 39] 1 850
16 28 35 43] 1 863
16 28 35 39] 1 863
16 28 34 38] 1 857
16 28 30 42] 1 847
16 27 38 40] 1 905
16 26 39 41] 1 895
16 26 38 41] 1 895
16 26 38 39] 1 895
16 26 34 42] 1 876
16 26 31 41] 1 895
16 26 31 39] 1 895
16 26 31 38] 1 895
16 26 30 42] 1 847
16 26 28 42] 1 847
16 26 28 30] 1 847
16 25 40 45] 1 819
16 25 38 45] 1 819
16 25 38 40] 1 819
16 25 33 45] 1 819
16 25 33 40] 1 819
16 25 33 38] 1 819
16 25 33 36] 1 826
16 24 42 44] 1 914
16 24 36 39] 1 850
16 24 33 44] 1 914
16 24 33 42] 1 914
16 24 33 36] 1 826
16 24 28 39] 1 850
16 24 28 36] 1 850
16 24 25 36] 1 826
16 24 25 33] 1 826
16 22 38 39] 1 848
16 22 23 44] 1 908
16 21 39 43] 1 863
16 21 35 43] 1 863
16 21 35 39] 1 863
16 21 34 42] 1 876
16 21 28 43] 1 863
16 21 28 39] 1 863
16 21 28 35] 1 863
16 21 27 37] 1 913
16 21 26 42] 1 876
16 21 26 34] 1 876
16 21 23 44] 1 908
16 21 22 44] 1 908
16 21 22 28] 1 903
16 21 22 23] 1 908
16 20 40 43] 1 752
16 20 36 39] 1 850
16 20 33 43] 1 752
16 20 33 40] 1 752
16 20 28 44] 1 751
16 20 28 39] 1 850
16 20 28 36] 1 850
16 20 25 31] 1 926
16 20 24 39] 1 850
16 20 24 36] 1 850
16 20 24 30] 1 786
16 20 24 28] 1 850
16 19 42 44] 1 914
16 19 33 44] 1 914
16 19 33 42] 1 914
16 19 31 39] 1 831
16 19 24 44] 1 914
16 19 24 42] 1 914
16 19 24 39] 1 781
16 19 24 33] 1 914
16 18 37 38] 1 830
16 18 35 38] 1 900
16 18 27 28] 1 756
16 18 25 31] 1 926
16 18 24 39] 1 781
16 18 20 31] 1 926
16 18 20 25] 1 926
16 18 19 39] 1 781
16 18 19 24] 1 781
16 17 38 45] 1 783
15 38 41 43] 1 927 [+] 
15 35 38 43] 1 793
15 34 41 44] 1 743
15 34 37 39] 1 866
15 32 41 43] 1 808
15 32 33 45] 1 865
15 31 41 43] 1 808
15 31 34 42] 1 767
15 31 33 38] 1 825
15 31 32 43] 1 808
15 31 32 41] 1 808
15 29 37 39] 1 866
15 29 34 39] 1 866
15 29 34 37] 1 866
15 28 34 42] 1 774
15 28 29 30] 1 818
15 25 29 30] 1 818
15 25 28 30] 1 818
15 25 28 29] 1 818
15 25 26 33] 1 785
15 24 27 41] 1 737
15 23 28 42] 1 874
15 23 25 41] 1 893
15 22 41 43] 1 927 [+] 
15 22 38 43] 1 927 [+] 
15 22 38 41] 1 927 [+] 
15 22 33 45] 1 865
15 22 32 45] 1 865
15 22 32 33] 1 865
15 21 41 44] 1 743
15 21 41 43] 1 808
15 21 38 43] 1 793
15 21 35 43] 1 793
15 21 35 38] 1 793
15 21 34 44] 1 743
15 21 33 38] 1 825
15 21 32 43] 1 808
15 21 32 41] 1 808
15 21 31 43] 1 808
15 21 31 41] 1 808
15 21 31 38] 1 825
15 21 31 33] 1 825
15 21 31 32] 1 808
15 21 27 45] 1 780
15 21 22 28] 1 903
15 20 34 42] 1 767
15 20 31 42] 1 767
15 20 31 34] 1 767
15 20 24 30] 1 786
15 19 43 44] 1 855
15 19 41 44] 1 743
15 19 34 44] 1 743
15 19 34 41] 1 743
15 19 28 42] 1 874
15 19 27 45] 1 780
15 19 24 36] 1 750
15 19 23 42] 1 874
15 19 23 28] 1 874
15 19 21 45] 1 780
15 19 21 44] 1 743
15 19 21 41] 1 743
15 19 21 34] 1 743
15 19 21 27] 1 780
15 18 34 42] 1 774
15 18 34 41] 1 744
15 18 28 42] 1 774
15 18 28 34] 1 774
15 18 27 41] 1 737
15 18 24 41] 1 737
15 18 24 27] 1 737
15 18 21 41] 1 744
15 18 21 34] 1 744
15 17 43 44] 1 855
15 17 38 45] 1 783
15 17 27 45] 1 780
15 17 25 41] 1 893
15 17 23 41] 1 893
15 17 23 40] 1 809
15 17 23 25] 1 893
15 17 21 45] 1 780
15 17 21 27] 1 780
15 17 19 45] 1 780
15 17 19 44] 1 855
15 17 19 43] 1 855
15 17 19 27] 1 780
15 17 19 21] 1 780
15 16 38 45] 1 783
15 16 24 30] 1 786
15 16 22 28] 1 903
15 16 21 28] 1 903
15 16 21 22] 1 903
15 16 20 30] 1 786
15 16 20 24] 1 786
15 16 17 45] 1 783
15 16 17 38] 1 783
14 36 39 42] 1 842
14 33 36 38] 1 838
14 32 39 42] 1 842
14 32 36 42] 1 842
14 32 36 39] 1 842
14 31 37 38] 1 806
14 30 33 38] 1 841
14 28 37 45] 1 884
14 28 31 32] 1 906
14 28 30 36] 1 755
14 28 29 30] 1 818
14 27 36 45] 1 887
14 26 40 43] 1 832
14 26 39 42] 1 842
14 26 36 42] 1 842
14 26 36 39] 1 842
14 26 34 45] 1 749
14 26 32 42] 1 842
14 26 32 39] 1 842
14 26 32 36] 1 842
14 26 31 44] 1 851
14 26 30 43] 1 803
14 26 30 36] 1 755
14 26 28 36] 1 755
14 26 28 30] 1 755
14 25 29 30] 1 818
14 25 28 30] 1 818
14 25 28 29] 1 818
14 24 34 45] 1 749
14 24 26 45] 1 749
14 24 26 34] 1 749
14 23 37 45] 1 884
14 23 37 38] 1 806
14 23 31 38] 1 806
14 23 31 37] 1 806
14 23 28 45] 1 884
14 23 28 37] 1 884
14 22 32 36] 1 798
14 22 31 44] 1 851
14 22 26 44] 1 851
14 22 26 31] 1 851
14 22 24 40] 1 867
14 21 27 37] 1 913
14 20 37 38] 1 806
14 20 31 38] 1 806
14 20 31 37] 1 806
14 20 23 38] 1 806
14 20 23 37] 1 806
14 20 23 31] 1 806
14 19 40 43] 1 832
14 19 26 43] 1 832
14 19 26 40] 1 832
14 19 24 40] 1 867
14 19 22 40] 1 867
14 19 22 24] 1 867
14 18 42 44] 1 919
14 18 31 44] 1 851
14 18 29 37] 1 890
14 18 27 28] 1 756
14 18 26 44] 1 851
14 18 26 31] 1 851
14 18 22 44] 1 851
14 18 22 31] 1 851
14 18 22 26] 1 851
14 17 42 44] 1 919
14 17 38 45] 1 783
14 17 36 45] 1 887
14 17 36 38] 1 838
14 17 33 38] 1 838
14 17 33 36] 1 838
14 17 27 45] 1 887
14 17 27 36] 1 887
14 17 24 40] 1 867
14 17 22 40] 1 867
14 17 22 24] 1 867
14 17 19 40] 1 867
14 17 19 24] 1 867
14 17 19 22] 1 867
14 17 18 44] 1 919
14 17 18 42] 1 919
14 16 38 45] 1 783
14 16 27 37] 1 913
14 16 27 28] 1 756
14 16 21 37] 1 913
14 16 21 27] 1 913
14 16 18 28] 1 756
14 16 18 27] 1 756
14 16 17 45] 1 783
14 16 17 38] 1 783
14 15 38 45] 1 783
14 15 29 30] 1 818
14 15 28 30] 1 818
14 15 28 29] 1 818
14 15 25 30] 1 818
14 15 25 29] 1 818
14 15 25 28] 1 818
14 15 18 22] 1 730
14 15 17 45] 1 783
14 15 17 38] 1 783
14 15 16 45] 1 783
14 15 16 38] 1 783
14 15 16 17] 1 783
13 38 39 43] 1 858
13 38 39 42] 1 889
13 36 37 40] 1 742
13 34 39 42] 1 925
13 32 39 43] 1 858
13 32 39 42] 1 925
13 32 38 43] 1 858
13 32 38 39] 1 858
13 32 34 42] 1 925
13 32 34 39] 1 925
13 31 39 41] 1 891
13 29 39 42] 1 889
13 29 38 42] 1 889
13 29 38 39] 1 889
13 29 34 39] 1 849
13 29 31 39] 1 828
13 28 39 41] 1 891
13 28 38 45] 1 835
13 28 31 41] 1 891
13 28 31 39] 1 891
13 28 30 36] 1 755
13 27 37 41] 1 735
13 26 40 43] 1 832
13 26 34 38] 1 795
13 26 32 36] 1 804
13 26 30 36] 1 755
13 26 28 36] 1 755
13 26 28 30] 1 755
13 25 42 45] 1 731
13 25 33 36] 1 826
13 24 39 42] 1 925
13 24 34 42] 1 925
13 24 34 39] 1 925
13 24 33 36] 1 826
13 24 32 42] 1 925
13 24 32 39] 1 925
13 24 32 34] 1 925
13 24 29 44] 1 821
13 24 27 41] 1 737
13 24 25 36] 1 826
13 24 25 33] 1 826
13 22 31 32] 1 748
13 21 39 43] 1 810
13 19 40 43] 1 832
13 19 26 43] 1 832
13 19 26 40] 1 832
13 18 35 38] 1 900
13 18 31 32] 1 805
13 18 27 41] 1 737
13 18 24 41] 1 737
13 18 24 27] 1 737
13 17 34 39] 1 849
13 17 29 39] 1 849
13 17 29 34] 1 849
13 17 27 43] 1 922
13 16 35 38] 1 900
13 16 33 36] 1 826
13 16 27 28] 1 787
13 16 25 36] 1 826
13 16 25 33] 1 826
13 16 24 36] 1 826
13 16 24 33] 1 826
13 16 24 25] 1 826
13 16 18 38] 1 900
13 16 18 35] 1 900
13 15 33 45] 1 844
13 15 27 41] 1 737
13 15 24 41] 1 737
13 15 24 27] 1 737
13 15 18 41] 1 737
13 15 18 27] 1 737
13 15 18 24] 1 737
13 14 40 43] 1 832
13 14 30 36] 1 755
13 14 28 36] 1 755
13 14 28 30] 1 755
13 14 26 43] 1 832
13 14 26 40] 1 832
13 14 26 36] 1 755
13 14 26 30] 1 755
13 14 26 28] 1 755
13 14 19 43] 1 832
13 14 19 40] 1 832
13 14 19 26] 1 832
12 41 43 44] 1 868
12 39 41 42] 1 833
12 36 42 45] 1 746
12 34 42 45] 1 799
12 33 42 45] 1 746
12 33 38 42] 1 775
12 33 36 45] 1 746
12 33 36 42] 1 746
12 31 34 38] 1 888
12 31 33 42] 1 791
12 31 33 38] 1 918
12 30 41 42] 1 833
12 30 39 43] 1 758
12 30 39 42] 1 833
12 30 39 41] 1 833
12 29 38 42] 1 775
12 29 33 44] 1 827
12 29 33 42] 1 775
12 29 33 38] 1 775
12 29 31 39] 1 816
12 28 43 44] 1 868
12 28 41 44] 1 868
12 28 41 43] 1 868
12 28 34 42] 1 774
12 28 30 42] 1 847
12 26 39 40] 1 823
12 26 38 45] 1 896
12 26 34 45] 1 749
12 26 30 42] 1 847
12 26 30 34] 1 871
12 26 28 42] 1 847
12 26 28 30] 1 847
12 25 38 45] 1 896
12 25 26 45] 1 896
12 25 26 38] 1 896
12 24 39 40] 1 823
12 24 34 45] 1 749
12 24 34 41] 1 779
12 24 29 44] 1 821
12 24 26 45] 1 749
12 24 26 40] 1 823
12 24 26 39] 1 823
12 24 26 34] 1 749
12 23 42 45] 1 799
12 23 39 43] 1 770
12 23 34 45] 1 799
12 23 34 42] 1 799
12 22 28 41] 1 921
12 22 26 36] 1 897
12 21 34 37] 1 777
12 21 31 35] 1 773
12 21 26 41] 1 762
12 20 24 30] 1 786
12 19 34 41] 1 779
12 19 31 39] 1 816
12 19 31 35] 1 773
12 19 29 39] 1 816
12 19 29 31] 1 816
12 19 24 41] 1 779
12 19 24 34] 1 779
12 19 21 35] 1 773
12 19 21 31] 1 773
12 18 41 42] 1 833
12 18 39 42] 1 833
12 18 39 41] 1 833
12 18 39 40] 1 823
12 18 34 42] 1 774
12 18 31 39] 1 816
12 18 31 32] 1 805
12 18 30 42] 1 833
12 18 30 41] 1 833
12 18 30 39] 1 833
12 18 29 39] 1 816
12 18 29 31] 1 816
12 18 28 42] 1 774
12 18 28 34] 1 774
12 18 26 40] 1 823
12 18 26 39] 1 823
12 18 24 42] 1 802
12 18 24 40] 1 823
12 18 24 39] 1 823
12 18 24 26] 1 823
12 18 19 39] 1 816
12 18 19 31] 1 816
12 18 19 29] 1 816
12 17 43 44] 1 868
12 17 42 45] 1 799
12 17 41 44] 1 868
12 17 41 43] 1 868
12 17 34 45] 1 799
12 17 34 42] 1 799
12 17 34 37] 1 777
12 17 28 44] 1 868
12 17 28 43] 1 868
12 17 28 41] 1 868
12 17 23 45] 1 799
12 17 23 42] 1 799
12 17 23 34] 1 799
12 17 21 37] 1 777
12 17 21 34] 1 777
12 16 30 42] 1 847
12 16 28 42] 1 847
12 16 28 30] 1 847
12 16 26 42] 1 847
12 16 26 30] 1 847
12 16 26 28] 1 847
12 16 24 30] 1 786
12 16 20 30] 1 786
12 16 20 24] 1 786
12 15 34 42] 1 774
12 15 28 42] 1 774
12 15 28 34] 1 774
12 15 24 30] 1 786
12 15 20 30] 1 786
12 15 20 24] 1 786
12 15 18 42] 1 774
12 15 18 34] 1 774
12 15 18 28] 1 774
12 15 16 30] 1 786
12 15 16 24] 1 786
12 15 16 20] 1 786
12 14 34 45] 1 749
12 14 32 42] 1 911
12 14 26 45] 1 749
12 14 26 34] 1 749
12 14 24 45] 1 749
12 14 24 34] 1 749
12 14 24 26] 1 749
12 14 23 28] 1 747
12 14 16 43] 1 812
12 13 33 39] 1 873
12 13 31 32] 1 805
12 13 29 44] 1 821
12 13 25 43] 1 817
12 13 24 44] 1 821
12 13 24 29] 1 821
12 13 18 32] 1 805
12 13 18 31] 1 805
11 42 43 44] 1 924
11 35 42 44] 1 813
11 34 43 44] 1 924
11 34 42 43] 1 924
11 34 35 44] 1 813
11 34 35 42] 1 813
11 33 38 42] 1 775
11 33 35 40] 1 733
11 32 35 40] 1 733
11 32 33 40] 1 733
11 32 33 35] 1 733
11 31 33 38] 1 918
11 30 42 44] 1 813
11 30 35 44] 1 813
11 30 35 42] 1 813
11 30 34 44] 1 813
11 30 34 42] 1 813
11 30 34 35] 1 813
11 30 33 38] 1 841
11 30 33 35] 1 852
11 29 38 42] 1 775
11 29 33 44] 1 827
11 29 33 42] 1 775
11 29 33 38] 1 775
11 28 33 35] 1 852
11 28 30 35] 1 852
11 28 30 33] 1 852
11 28 29 43] 1 840
11 27 35 39] 1 910
11 26 36 45] 1 729
11 24 42 45] 1 761
11 24 35 40] 1 733
11 24 33 40] 1 733
11 24 33 35] 1 733
11 24 32 40] 1 733
11 24 32 35] 1 733
11 24 32 33] 1 733
11 21 26 45] 1 729
11 21 26 36] 1 729
11 21 22 25] 1 861
11 19 36 45] 1 811
11 19 35 39] 1 788
11 19 24 39] 1 781
11 19 22 25] 1 861
11 19 21 45] 1 811
11 19 21 36] 1 811
11 19 21 25] 1 861
11 19 21 22] 1 861
11 18 24 42] 1 802
11 18 24 39] 1 781
11 18 21 27] 1 736
11 18 19 39] 1 781
11 18 19 24] 1 781
11 17 36 45] 1 729
11 17 35 39] 1 910
11 17 33 44] 1 757
11 17 33 35] 1 852
11 17 30 35] 1 852
11 17 30 33] 1 852
11 17 28 35] 1 852
11 17 28 33] 1 852
11 17 28 30] 1 852
11 17 27 39] 1 910
11 17 27 35] 1 910
11 17 26 45] 1 729
11 17 26 36] 1 729
11 17 23 40] 1 809
11 17 22 25] 1 861
11 17 21 45] 1 729
11 17 21 36] 1 729
11 17 21 27] 1 736
11 17 21 26] 1 729
11 17 21 25] 1 861
11 17 21 22] 1 861
11 17 19 25] 1 861
11 17 19 22] 1 861
11 17 19 21] 1 861
11 17 18 27] 1 736
11 17 18 21] 1 736
11 16 41 45] 1 769
11 16 25 31] 1 878
11 16 24 39] 1 781
11 16 19 39] 1 781
11 16 19 24] 1 781
11 16 18 39] 1 781
11 16 18 24] 1 781
11 16 18 19] 1 781
11 15 23 40] 1 809
11 15 17 40] 1 809
11 15 17 23] 1 809
11 14 33 38] 1 841
11 14 30 38] 1 841
11 14 30 33] 1 841
11 14 26 28] 1 836
11 14 21 41] 1 772
11 13 22 37] 1 915
11 12 38 42] 1 775
11 12 33 44] 1 827
11 12 33 42] 1 775
11 12 31 38] 1 918
11 12 31 33] 1 918
11 12 29 44] 1 827
11 12 29 42] 1 775
11 12 29 38] 1 775
11 12 24 42] 1 802
11 12 18 42] 1 802
11 12 18 24] 1 802
11 12 13 19] 1 839
10 41 43 44] 1 856
10 40 43 44] 1 856
10 40 42 43] 1 862
10 40 41 44] 1 856
10 40 41 43] 1 856
10 38 42 43] 1 862
10 38 40 43] 1 862
10 38 40 42] 1 862
10 36 37 40] 1 742
10 35 38 43] 1 793
10 34 42 43] 1 862
10 34 40 43] 1 862
10 34 40 42] 1 862
10 34 38 43] 1 862
10 34 38 42] 1 862
10 34 38 40] 1 862
10 31 42 43] 1 760
10 31 33 42] 1 791
10 30 35 42] 1 820
10 30 34 37] 1 728
10 28 38 45] 1 835
10 28 34 38] 1 857
10 27 42 43] 1 760
10 27 37 41] 1 735
10 27 31 43] 1 760
10 27 31 42] 1 760
10 26 34 38] 1 795
10 26 32 36] 1 804
10 25 34 35] 1 807
10 24 43 44] 1 856
10 24 41 44] 1 856
10 24 41 43] 1 856
10 24 40 44] 1 856
10 24 40 43] 1 856
10 24 40 41] 1 856
10 24 31 39] 1 784
10 23 31 39] 1 784
10 23 24 39] 1 784
10 23 24 31] 1 784
10 22 42 43] 1 760
10 22 35 42] 1 820
10 22 32 36] 1 798
10 22 31 43] 1 760
10 22 31 42] 1 760
10 22 31 32] 1 748
10 22 30 42] 1 820
10 22 30 35] 1 820
10 22 27 43] 1 760
10 22 27 42] 1 760
10 22 27 31] 1 760
10 21 39 43] 1 810
10 21 38 43] 1 793
10 21 35 43] 1 793
10 21 35 42] 1 820
10 21 35 38] 1 793
10 21 34 41] 1 744
10 21 30 42] 1 820
10 21 30 35] 1 820
10 21 22 42] 1 820
10 21 22 35] 1 820
10 21 22 30] 1 820
10 20 25 31] 1 926
10 19 35 39] 1 788
10 19 31 39] 1 831
10 18 34 41] 1 744
10 18 34 35] 1 807
10 18 27 28] 1 756
10 18 25 35] 1 807
10 18 25 34] 1 807
10 18 25 31] 1 926
10 18 24 42] 1 802
10 18 21 41] 1 744
10 18 21 34] 1 744
10 18 21 29] 1 771
10 18 20 31] 1 926
10 18 20 25] 1 926
10 17 21 29] 1 771
10 17 18 29] 1 771
10 17 18 21] 1 771
10 16 34 38] 1 857
10 16 31 39] 1 831
10 16 28 38] 1 857
10 16 28 34] 1 857
10 16 27 28] 1 756
10 16 25 31] 1 926
10 16 20 31] 1 926
10 16 20 25] 1 926
10 16 19 39] 1 831
10 16 19 31] 1 831
10 16 18 31] 1 926
10 16 18 28] 1 756
10 16 18 27] 1 756
10 16 18 25] 1 926
10 16 18 20] 1 926
10 15 38 43] 1 793
10 15 35 43] 1 793
10 15 35 38] 1 793
10 15 34 41] 1 744
10 15 21 43] 1 793
10 15 21 41] 1 744
10 15 21 38] 1 793
10 15 21 35] 1 793
10 15 21 34] 1 744
10 15 18 41] 1 744
10 15 18 34] 1 744
10 15 18 22] 1 730
10 15 18 21] 1 744
10 14 32 36] 1 798
10 14 27 28] 1 756
10 14 22 36] 1 798
10 14 22 32] 1 798
10 14 18 28] 1 756
10 14 18 27] 1 756
10 14 18 22] 1 730
10 14 16 28] 1 756
10 14 16 27] 1 756
10 14 16 18] 1 756
10 14 15 35] 1 879
10 14 15 22] 1 730
10 14 15 18] 1 730
10 13 39 43] 1 810
10 13 38 45] 1 835
10 13 37 41] 1 735
10 13 37 40] 1 742
10 13 36 40] 1 742
10 13 36 37] 1 742
10 13 34 38] 1 795
10 13 32 36] 1 804
10 13 31 32] 1 748
10 13 28 45] 1 835
10 13 28 38] 1 835
10 13 27 41] 1 735
10 13 27 37] 1 735
10 13 26 38] 1 795
10 13 26 36] 1 804
10 13 26 34] 1 795
10 13 26 32] 1 804
10 13 25 36] 1 864
10 13 22 32] 1 748
10 13 22 31] 1 748
10 13 21 43] 1 810
10 13 21 39] 1 810
10 12 33 42] 1 791
10 12 31 42] 1 791
10 12 31 33] 1 791
10 12 28 45] 1 800
10 12 24 42] 1 802
10 12 18 42] 1 802
10 12 18 24] 1 802
10 11 35 39] 1 788
10 11 24 42] 1 802
10 11 19 39] 1 788
10 11 19 35] 1 788
10 11 18 42] 1 802
10 11 18 24] 1 802
10 11 12 42] 1 802
10 11 12 24] 1 802
10 11 12 18] 1 802
 9 40 42 43] 1 759
 9 38 39 43] 1 858
 9 36 42 43] 1 759
 9 36 40 43] 1 759
 9 36 40 42] 1 759
 9 35 39 41] 1 766
 9 34 39 41] 1 766
 9 34 37 39] 1 866
 9 34 35 41] 1 766
 9 34 35 39] 1 766
 9 33 42 43] 1 759
 9 33 40 43] 1 759
 9 33 40 42] 1 759
 9 33 37 44] 1 883
 9 33 36 43] 1 759
 9 33 36 42] 1 759
 9 33 36 40] 1 759
 9 33 36 38] 1 838
 9 32 39 43] 1 858
 9 32 38 43] 1 858
 9 32 38 39] 1 858
 9 32 37 44] 1 883
 9 32 33 44] 1 883
 9 32 33 37] 1 883
 9 31 39 41] 1 891
 9 30 39 43] 1 758
 9 30 39 41] 1 766
 9 30 35 41] 1 766
 9 30 35 39] 1 766
 9 30 34 41] 1 766
 9 30 34 39] 1 766
 9 30 34 35] 1 766
 9 29 37 39] 1 866
 9 29 34 39] 1 866
 9 29 34 38] 1 824
 9 29 34 37] 1 866
 9 28 39 41] 1 891
 9 28 38 45] 1 835
 9 28 31 41] 1 891
 9 28 31 39] 1 891
 9 26 30 43] 1 803
 9 24 34 38] 1 824
 9 24 29 38] 1 824
 9 24 29 34] 1 824
 9 24 27 36] 1 822
 9 23 39 43] 1 770
 9 21 28 40] 1 776
 9 20 27 36] 1 822
 9 20 24 36] 1 822
 9 20 24 27] 1 822
 9 18 42 44] 1 919
 9 18 37 44] 1 883
 9 18 33 44] 1 883
 9 18 33 37] 1 883
 9 18 32 44] 1 883
 9 18 32 37] 1 883
 9 18 32 33] 1 883
 9 18 28 40] 1 776
 9 18 27 36] 1 822
 9 18 26 42] 1 892
 9 18 24 36] 1 822
 9 18 24 27] 1 822
 9 18 21 40] 1 776
 9 18 21 28] 1 776
 9 18 20 36] 1 822
 9 18 20 27] 1 822
 9 18 20 24] 1 822
 9 17 42 44] 1 919
 9 17 36 38] 1 838
 9 17 33 38] 1 838
 9 17 33 36] 1 838
 9 17 26 42] 1 892
 9 17 18 44] 1 919
 9 17 18 26] 1 892
 9 16 17 19] 1 740
 9 15 37 39] 1 866
 9 15 34 39] 1 866
 9 15 34 37] 1 866
 9 15 29 39] 1 866
 9 15 29 37] 1 866
 9 15 29 34] 1 866
 9 14 42 44] 1 919
 9 14 36 38] 1 838
 9 14 33 38] 1 838
 9 14 33 36] 1 838
 9 14 30 43] 1 803
 9 14 26 43] 1 803
 9 14 26 30] 1 803
 9 14 26 28] 1 836
 9 14 23 28] 1 747
 9 14 18 44] 1 919
 9 14 18 42] 1 919
 9 14 17 44] 1 919
 9 14 17 42] 1 919
 9 14 17 38] 1 838
 9 14 17 36] 1 838
 9 14 17 33] 1 838
 9 14 17 18] 1 919
 9 13 39 43] 1 858
 9 13 39 41] 1 891
 9 13 38 45] 1 835
 9 13 38 43] 1 858
 9 13 38 39] 1 858
 9 13 32 43] 1 858
 9 13 32 39] 1 858
 9 13 32 38] 1 858
 9 13 31 41] 1 891
 9 13 31 39] 1 891
 9 13 28 45] 1 835
 9 13 28 41] 1 891
 9 13 28 39] 1 891
 9 13 28 38] 1 835
 9 13 28 31] 1 891
 9 13 25 43] 1 817
 9 12 30 43] 1 758
 9 12 30 39] 1 758
 9 12 25 43] 1 817
 9 12 23 43] 1 770
 9 12 23 39] 1 770
 9 12 23 28] 1 747
 9 12 14 28] 1 747
 9 12 14 23] 1 747
 9 12 13 43] 1 817
 9 12 13 25] 1 817
 9 12 13 19] 1 839
 9 11 26 28] 1 836
 9 11 14 28] 1 836
 9 11 14 26] 1 836
 9 11 13 19] 1 839
 9 11 12 19] 1 839
 9 11 12 13] 1 839
 9 10 38 45] 1 835
 9 10 28 45] 1 835
 9 10 28 38] 1 835
 9 10 13 45] 1 835
 9 10 13 38] 1 835
 9 10 13 28] 1 835
 8 38 39 41] 1 859
 8 36 37 40] 1 742
 8 35 42 43] 1 834
 8 35 39 41] 1 859
 8 35 38 41] 1 859
 8 35 38 39] 1 859
 8 32 34 43] 1 763
 8 31 33 38] 1 825
 8 27 36 45] 1 887
 8 27 30 41] 1 790
 8 26 43 45] 1 904
 8 26 27 44] 1 853
 8 25 27 32] 1 860
 8 24 29 31] 1 754
 8 23 27 44] 1 853
 8 23 26 44] 1 853
 8 23 26 27] 1 853
 8 22 39 41] 1 859
 8 22 38 41] 1 859
 8 22 38 39] 1 859
 8 22 35 41] 1 859
 8 22 35 39] 1 859
 8 22 35 38] 1 859
 8 21 36 45] 1 811
 8 21 33 39] 1 899
 8 21 33 38] 1 825
 8 21 31 38] 1 825
 8 21 31 35] 1 773
 8 21 31 33] 1 825
 8 21 28 40] 1 776
 8 21 22 38] 1 912
 8 20 33 39] 1 899
 8 20 21 39] 1 899
 8 20 21 33] 1 899
 8 19 43 44] 1 855
 8 19 36 45] 1 811
 8 19 33 39] 1 899
 8 19 31 35] 1 773
 8 19 30 41] 1 790
 8 19 27 41] 1 790
 8 19 27 30] 1 790
 8 19 21 45] 1 811
 8 19 21 39] 1 899
 8 19 21 36] 1 811
 8 19 21 35] 1 773
 8 19 21 33] 1 899
 8 19 21 31] 1 773
 8 19 20 39] 1 899
 8 19 20 33] 1 899
 8 19 20 21] 1 899
 8 18 42 43] 1 834
 8 18 35 43] 1 834
 8 18 35 42] 1 834
 8 18 28 40] 1 776
 8 18 27 32] 1 860
 8 18 25 32] 1 860
 8 18 25 27] 1 860
 8 18 22 38] 1 912
 8 18 21 40] 1 776
 8 18 21 38] 1 912
 8 18 21 28] 1 776
 8 18 21 22] 1 912
 8 17 43 44] 1 855
 8 17 36 45] 1 887
 8 17 29 31] 1 754
 8 17 27 45] 1 887
 8 17 27 36] 1 887
 8 17 24 31] 1 754
 8 17 24 29] 1 754
 8 17 19 44] 1 855
 8 17 19 43] 1 855
 8 16 34 43] 1 763
 8 16 32 43] 1 763
 8 16 32 34] 1 763
 8 16 17 19] 1 740
 8 15 43 44] 1 855
 8 15 33 45] 1 844
 8 15 33 38] 1 825
 8 15 31 38] 1 825
 8 15 31 33] 1 825
 8 15 21 38] 1 825
 8 15 21 33] 1 825
 8 15 21 31] 1 825
 8 15 19 44] 1 855
 8 15 19 43] 1 855
 8 15 17 44] 1 855
 8 15 17 43] 1 855
 8 15 17 19] 1 855
 8 14 36 45] 1 887
 8 14 27 45] 1 887
 8 14 27 36] 1 887
 8 14 17 45] 1 887
 8 14 17 36] 1 887
 8 14 17 27] 1 887
 8 13 37 40] 1 742
 8 13 36 40] 1 742
 8 13 36 37] 1 742
 8 13 33 45] 1 844
 8 13 15 45] 1 844
 8 13 15 33] 1 844
 8 12 42 43] 1 765
 8 12 31 35] 1 773
 8 12 21 35] 1 773
 8 12 21 31] 1 773
 8 12 19 35] 1 773
 8 12 19 31] 1 773
 8 12 19 21] 1 773
 8 11 36 45] 1 811
 8 11 21 45] 1 811
 8 11 21 36] 1 811
 8 11 19 45] 1 811
 8 11 19 36] 1 811
 8 11 19 21] 1 811
 8 10 37 40] 1 742
 8 10 36 40] 1 742
 8 10 36 37] 1 742
 8 10 13 40] 1 742
 8 10 13 37] 1 742
 8 10 13 36] 1 742
 8  9 28 40] 1 776
 8  9 21 40] 1 776
 8  9 21 28] 1 776
 8  9 18 40] 1 776
 8  9 18 28] 1 776
 8  9 18 21] 1 776
 8  9 17 19] 1 740
 8  9 16 19] 1 740
 8  9 16 17] 1 740
 7 33 34 35] 1 739
 7 31 34 38] 1 888
 7 31 34 36] 1 764
 7 31 33 38] 1 918
 7 30 38 44] 1 768
 7 30 34 35] 1 909
 7 29 38 44] 1 768
 7 29 34 38] 1 824
40 41 43 44] 1 856
 7 29 33 35] 1 739
 7 29 33 34] 1 739
 7 29 31 39] 1 828
 7 29 30 44] 1 768
 7 29 30 38] 1 768
 7 29 30 35] 1 909
 7 29 30 34] 1 909
 7 27 38 44] 1 768
 7 27 30 44] 1 768
 7 27 30 38] 1 768
 7 27 29 44] 1 768
 7 27 29 38] 1 768
 7 27 29 30] 1 768
 7 25 42 45] 1 731
 7 25 29 36] 1 792
 7 24 42 45] 1 761
 7 24 36 39] 1 902
 7 24 34 38] 1 824
 7 24 34 36] 1 764
 7 24 34 35] 1 909
 7 24 31 36] 1 764
 7 24 31 34] 1 764
 7 24 30 35] 1 909
 7 24 30 34] 1 909
 7 24 29 38] 1 824
 7 24 29 35] 1 909
39 43 44 45] 1 882
 7 24 29 30] 1 909
 7 23 36 39] 1 902
 7 23 24 45] 1 880
 7 23 24 39] 1 902
 7 23 24 36] 1 902
 7 22 34 36] 1 764
 7 22 34 35] 1 739
 7 22 33 35] 1 739
 7 22 33 34] 1 739
 7 22 31 36] 1 764
 7 22 31 34] 1 764
 7 22 29 35] 1 739
 7 22 29 34] 1 739
 7 22 29 33] 1 739
 7 22 28 41] 1 921
 7 22 26 36] 1 897
 7 22 24 36] 1 764
 7 22 24 34] 1 764
 7 22 24 31] 1 764
 7 19 36 39] 1 902
 7 19 30 38] 1 794
 7 19 29 36] 1 792
 7 19 25 36] 1 792
 7 19 25 29] 1 792
 7 19 24 45] 1 880
 7 19 24 39] 1 902
 7 19 24 36] 1 902
 7 19 23 45] 1 880
 7 19 23 39] 1 902
 7 19 23 36] 1 902
38 40 42 43] 1 862
 7 18 35 38] 1 900
 7 18 30 38] 1 794
 7 18 19 38] 1 794
 7 18 19 30] 1 794
 7 17 33 44] 1 757
 7 17 24 45] 1 880
 7 17 23 45] 1 880
 7 17 23 24] 1 880
 7 17 19 45] 1 880
 7 17 19 24] 1 880
 7 17 19 23] 1 880
 7 16 41 45] 1 769
 7 16 35 38] 1 900
 7 16 18 38] 1 900
 7 16 18 35] 1 900
 7 15 33 45] 1 844
 7 14 23 28] 1 747
 7 13 42 45] 1 731
 7 13 35 38] 1 900
 7 13 33 45] 1 844
 7 13 31 39] 1 828
 7 13 29 39] 1 828
 7 13 29 31] 1 828
 7 13 25 45] 1 731
 7 13 25 42] 1 731
 7 13 25 36] 1 864
 7 13 18 38] 1 900
 7 13 18 35] 1 900
 7 13 16 38] 1 900
 7 13 16 35] 1 900
 7 13 16 18] 1 900
 7 13 15 45] 1 844
 7 13 15 33] 1 844
 7 12 34 38] 1 888
 7 12 33 38] 1 918
37 40 41 43] 1 894
 7 12 31 34] 1 888
 7 12 31 33] 1 918
 7 12 28 41] 1 921
 7 12 26 36] 1 897
 7 12 23 28] 1 747
 7 12 22 41] 1 921
 7 12 22 36] 1 897
 7 12 22 28] 1 921
 7 12 22 26] 1 897
 7 12 19 45] 1 789
 7 12 14 28] 1 747
 7 12 14 23] 1 747
 7 11 42 45] 1 761
 7 11 41 45] 1 769
 7 11 33 44] 1 757
 7 11 33 38] 1 918
 7 11 31 38] 1 918
 7 11 31 33] 1 918
 7 11 24 45] 1 761
 7 11 24 42] 1 761
 7 11 17 44] 1 757
 7 11 17 33] 1 757
 7 11 16 45] 1 769
 7 11 16 41] 1 769
 7 11 12 38] 1 918
 7 11 12 33] 1 918
 7 11 12 31] 1 918
 7 10 25 36] 1 864
 7 10 13 36] 1 864
 7 10 13 25] 1 864
 7  9 34 38] 1 824
 7  9 29 38] 1 824
 7  9 29 34] 1 824
 7  9 24 38] 1 824
 7  9 24 34] 1 824
 7  9 24 29] 1 824
 7  9 23 28] 1 747
 7  9 14 28] 1 747
 7  9 14 23] 1 747
 7  9 12 28] 1 747
 7  9 12 23] 1 747
 7  9 12 14] 1 747
 7  8 33 45] 1 844
 7  8 15 45] 1 844
 7  8 15 33] 1 844
 7  8 13 45] 1 844
 7  8 13 33] 1 844
 7  8 13 15] 1 844
 6 38 41 45] 1 734
 6 37 41 45] 1 734
 6 37 38 45] 1 734
 6 37 38 41] 1 734
 6 36 37 41] 1 778
 6 35 42 43] 1 834
 6 35 37 41] 1 778
 6 35 36 41] 1 778
 6 35 36 37] 1 778
 6 34 38 45] 1 782
 6 32 35 36] 1 916
 6 31 38 45] 1 782
 6 31 34 45] 1 782
 6 31 34 38] 1 782
 6 30 34 37] 1 728
 6 28 34 38] 1 857
 6 27 37 39] 1 869
 6 26 43 45] 1 904
 6 26 30 34] 1 871
 6 25 34 35] 1 807
 6 25 26 33] 1 785
 6 24 34 41] 1 779
 6 22 35 36] 1 916
 6 22 32 36] 1 916
 6 22 32 35] 1 916
 6 22 26 36] 1 897
 6 21 37 41] 1 778
 6 21 36 41] 1 778
 6 21 36 37] 1 778
 6 21 35 41] 1 778
 6 21 35 37] 1 778
37 38 41 45] 1 734
 6 21 34 37] 1 777
 6 21 32 36] 1 916
 6 21 32 35] 1 916
 6 21 27 37] 1 913
 6 21 22 36] 1 916
 6 21 22 35] 1 916
 6 21 22 32] 1 916
 6 20 37 39] 1 869
 6 20 27 39] 1 869
 6 20 27 37] 1 869
 6 19 34 41] 1 779
 6 19 30 38] 1 794
 6 19 24 41] 1 779
 6 19 24 34] 1 779
 6 18 42 43] 1 834
 6 18 38 45] 1 782
 6 18 37 38] 1 830
 6 18 35 43] 1 834
 6 18 35 42] 1 834
 6 18 34 45] 1 782
 6 18 34 38] 1 782
 6 18 34 35] 1 807
 6 18 31 45] 1 782
 6 18 31 38] 1 782
 6 18 31 34] 1 782
 6 18 30 38] 1 794
 6 18 25 35] 1 807
 6 18 25 34] 1 807
 6 18 21 29] 1 771
 6 18 19 38] 1 794
 6 18 19 30] 1 794
 6 17 34 37] 1 777
 6 17 33 44] 1 757
 6 17 27 43] 1 922
 6 17 23 40] 1 809
 6 17 21 37] 1 777
 6 17 21 34] 1 777
 6 17 21 29] 1 771
 6 17 18 29] 1 771
 6 17 18 21] 1 771
 6 16 41 45] 1 734
 6 16 38 45] 1 734
 6 16 38 41] 1 734
 6 16 37 45] 1 734
 6 16 37 41] 1 734
36 40 42 43] 1 759
 6 16 34 38] 1 857
 6 16 28 38] 1 857
 6 16 28 34] 1 857
 6 16 27 37] 1 913
 6 16 27 28] 1 787
 6 16 25 31] 1 878
 6 16 21 37] 1 913
 6 16 21 27] 1 913
 6 16 18 38] 1 830
 6 16 18 37] 1 830
 6 15 26 33] 1 785
 6 15 25 33] 1 785
 6 15 25 26] 1 785
 6 15 23 40] 1 809
 6 15 17 40] 1 809
 6 15 17 23] 1 809
 6 14 27 37] 1 913
 6 14 21 41] 1 772
 6 14 21 37] 1 913
 6 14 21 27] 1 913
 6 14 16 37] 1 913
 6 14 16 27] 1 913
 6 14 16 21] 1 913
 6 13 27 43] 1 922
 6 13 27 28] 1 787
 6 13 22 37] 1 915
 6 13 17 43] 1 922
 6 13 17 27] 1 922
 6 13 16 28] 1 787
 6 13 16 27] 1 787
 6 12 34 41] 1 779
 6 12 34 37] 1 777
 6 12 30 34] 1 871
 6 12 26 36] 1 897
 6 12 26 34] 1 871
 6 12 26 30] 1 871
 6 12 24 41] 1 779
 6 12 24 34] 1 779
 6 12 22 36] 1 897
 6 12 22 26] 1 897
 6 12 21 37] 1 777
 6 12 21 34] 1 777
 6 12 19 45] 1 789
 6 12 19 41] 1 779
 6 12 19 34] 1 779
 6 12 19 24] 1 779
 6 12 17 37] 1 777
 6 12 17 34] 1 777
 6 12 17 21] 1 777
 6 11 33 44] 1 757
 6 11 25 31] 1 878
 6 11 23 40] 1 809
 6 11 22 37] 1 915
 6 11 21 41] 1 772
 6 11 17 44] 1 757
 6 11 17 40] 1 809
 6 11 17 33] 1 757
 6 11 17 23] 1 809
 6 11 16 31] 1 878
 6 11 16 25] 1 878
 6 11 15 40] 1 809
 6 11 15 23] 1 809
 6 11 15 17] 1 809
 6 11 14 41] 1 772
 6 11 14 21] 1 772
 6 11 13 37] 1 915
 6 11 13 22] 1 915
 6 10 34 38] 1 857
 6 10 34 37] 1 728
 6 10 34 35] 1 807
 6 10 30 37] 1 728
 6 10 30 34] 1 728
 6 10 28 38] 1 857
 6 10 28 34] 1 857
 6 10 25 35] 1 807
 6 10 25 34] 1 807
 6 10 21 29] 1 771
 6 10 18 35] 1 807
 6 10 18 34] 1 807
 6 10 18 29] 1 771
 6 10 18 25] 1 807
 6 10 18 21] 1 771
 6 10 17 29] 1 771
 6 10 17 21] 1 771
 6 10 17 18] 1 771
 6 10 16 38] 1 857
 6 10 16 34] 1 857
 6 10 16 28] 1 857
 6  8 43 45] 1 904
 6  8 42 43] 1 834
 6  8 35 43] 1 834
 6  8 35 42] 1 834
 6  8 26 45] 1 904
 6  8 26 43] 1 904
 6  8 18 43] 1 834
 6  8 18 42] 1 834
 6  8 18 35] 1 834
 6  7 33 44] 1 757
 6  7 30 38] 1 794
 6  7 26 36] 1 897
 6  7 22 36] 1 897
 6  7 22 26] 1 897
 6  7 19 45] 1 789
 6  7 19 38] 1 794
 6  7 19 30] 1 794
 6  7 18 38] 1 794
 6  7 18 30] 1 794
 6  7 18 19] 1 794
 6  7 17 44] 1 757
 6  7 17 33] 1 757
 6  7 12 45] 1 789
 6  7 12 36] 1 897
 6  7 12 26] 1 897
 6  7 12 22] 1 897
 6  7 12 19] 1 789
 6  7 11 44] 1 757
 6  7 11 33] 1 757
 6  7 11 17] 1 757
 5 41 43 45] 1 846
 5 35 43 45] 1 829
 5 34 44 45] 1 741
 5 32 39 45] 1 797
 5 31 43 45] 1 829
 5 31 39 45] 1 797
 5 31 35 45] 1 829
 5 31 35 43] 1 829
 5 31 34 42] 1 767
 5 31 32 45] 1 797
 5 31 32 39] 1 797
 5 30 43 45] 1 846
 5 30 41 45] 1 846
 5 30 41 43] 1 846
 5 30 39 43] 1 758
 5 30 33 38] 1 841
 5 29 34 39] 1 849
 5 29 33 44] 1 827
 5 28 31 32] 1 906
 5 27 44 45] 1 741
 5 27 37 41] 1 735
 5 27 34 45] 1 741
 5 27 34 44] 1 741
 5 26 38 45] 1 896
 5 26 34 42] 1 876
 5 26 30 43] 1 803
 5 25 38 45] 1 896
 5 25 26 45] 1 896
 5 25 26 38] 1 896
 5 23 30 34] 1 901
 5 22 39 45] 1 797
 5 22 32 45] 1 797
 5 22 32 39] 1 797
 5 22 31 45] 1 797
 5 22 31 39] 1 797
 5 22 31 32] 1 797
 5 22 28 41] 1 921
 5 22 23 43] 1 877
 5 21 44 45] 1 741
 5 21 39 43] 1 810
 5 21 34 45] 1 741
 5 21 34 44] 1 741
 5 21 34 42] 1 876
 5 21 27 45] 1 741
 5 21 27 44] 1 741
 5 21 27 34] 1 741
 5 21 26 42] 1 876
 5 21 26 34] 1 876
 5 21 22 38] 1 912
 5 20 34 42] 1 767
 5 20 31 42] 1 767
 5 20 31 34] 1 767
 5 20 30 34] 1 901
 5 20 23 34] 1 901
 5 20 23 30] 1 901
 5 18 43 45] 1 846
 5 18 41 45] 1 846
 5 18 41 43] 1 846
 5 18 37 38] 1 830
 5 18 30 45] 1 846
 5 18 30 43] 1 846
 5 18 30 41] 1 846
 5 18 30 34] 1 901
 5 18 23 43] 1 877
 5 18 23 34] 1 901
 5 18 23 30] 1 901
 5 18 22 43] 1 877
 5 18 22 38] 1 912
 5 18 22 23] 1 877
 5 18 21 38] 1 912
 5 18 21 22] 1 912
 5 18 20 34] 1 901
 5 18 20 30] 1 901
 5 18 20 23] 1 901
 5 17 34 39] 1 849
 5 17 29 39] 1 849
 5 17 29 34] 1 849
 5 17 27 32] 1 732
 5 17 23 43] 1 877
 5 17 22 43] 1 877
 5 17 22 23] 1 877
 5 17 18 43] 1 877
 5 17 18 23] 1 877
 5 17 18 22] 1 877
 5 16 41 45] 1 769
 5 16 37 38] 1 830
 5 16 34 42] 1 876
 5 16 27 28] 1 787
 5 16 26 42] 1 876
 5 16 26 34] 1 876
 5 16 21 42] 1 876
 5 16 21 34] 1 876
 5 16 21 26] 1 876
 5 16 18 38] 1 830
 5 16 18 37] 1 830
 5 15 34 42] 1 767
 5 15 31 42] 1 767
 5 15 31 34] 1 767
 5 15 20 42] 1 767
 5 15 20 34] 1 767
 5 15 20 31] 1 767
 5 14 33 38] 1 841
 5 14 32 42] 1 911
 5 14 31 32] 1 906
 5 14 30 43] 1 803
 5 14 30 38] 1 841
 5 14 30 33] 1 841
 5 14 28 32] 1 906
 5 14 28 31] 1 906
 5 14 26 43] 1 803
 5 14 26 30] 1 803
 5 14 21 41] 1 772
 5 13 39 43] 1 810
 5 13 37 41] 1 735
 5 13 34 39] 1 849
 5 13 33 39] 1 873
 5 13 29 39] 1 849
 5 13 29 34] 1 849
 5 13 27 41] 1 735
 5 13 27 37] 1 735
 5 13 27 28] 1 787
 5 13 21 43] 1 810
 5 13 21 39] 1 810
 5 13 17 39] 1 849
 5 13 17 34] 1 849
 5 13 17 29] 1 849
 5 13 16 28] 1 787
 5 13 16 27] 1 787
 5 12 39 43] 1 758
 5 12 38 45] 1 896
 5 12 33 44] 1 827
 5 12 33 39] 1 873
 5 12 32 42] 1 911
 5 12 30 43] 1 758
 5 12 30 39] 1 758
 5 12 29 44] 1 827
 5 12 29 33] 1 827
 5 12 28 41] 1 921
 5 12 26 45] 1 896
 5 12 26 38] 1 896
 5 12 25 45] 1 896
 5 12 25 38] 1 896
 5 12 25 26] 1 896
 5 12 22 41] 1 921
 5 12 22 28] 1 921
 5 12 14 42] 1 911
 5 12 14 32] 1 911
 5 12 13 39] 1 873
 5 12 13 33] 1 873
 5 11 41 45] 1 769
 5 11 33 44] 1 827
 5 11 33 38] 1 841
 5 11 30 38] 1 841
 5 11 30 33] 1 841
 5 11 29 44] 1 827
 5 11 29 33] 1 827
 5 11 21 41] 1 772
 5 11 16 45] 1 769
 5 11 16 41] 1 769
 5 11 14 41] 1 772
 5 11 14 38] 1 841
 5 11 14 33] 1 841
 5 11 14 30] 1 841
 5 11 14 21] 1 772
 5 11 12 44] 1 827
 5 11 12 33] 1 827
 5 11 12 29] 1 827
 5 10 39 43] 1 810
 5 10 37 41] 1 735
 5 10 27 41] 1 735
 5 10 27 37] 1 735
 5 10 21 43] 1 810
 5 10 21 39] 1 810
 5 10 13 43] 1 810
 5 10 13 41] 1 735
 5 10 13 39] 1 810
 5 10 13 37] 1 735
 5 10 13 27] 1 735
 5 10 13 21] 1 810
 5  9 39 43] 1 758
35 38 39 41] 1 859
 5  9 30 39] 1 758
 5  9 26 43] 1 803
 5  9 26 30] 1 803
 5  9 14 43] 1 803
 5  9 14 30] 1 803
 5  9 14 26] 1 803
 5  9 12 43] 1 758
 5  9 12 39] 1 758
 5  9 12 30] 1 758
 5  8 22 38] 1 912
 5  8 21 38] 1 912
 5  8 21 22] 1 912
 5  8 18 38] 1 912
 5  8 18 22] 1 912
 5  8 18 21] 1 912
 5  7 41 45] 1 769
 5  7 28 41] 1 921
 5  7 22 41] 1 921
 5  7 22 28] 1 921
 5  7 16 45] 1 769
 5  7 16 41] 1 769
 5  7 12 41] 1 921
 5  7 12 28] 1 921
 5  7 12 22] 1 921
 5  7 11 45] 1 769
 5  7 11 41] 1 769
 5  7 11 16] 1 769
 5  6 37 38] 1 830
 5  6 27 28] 1 787
 5  6 21 41] 1 772
 5  6 18 38] 1 830
 5  6 18 37] 1 830
 5  6 16 38] 1 830
 5  6 16 37] 1 830
 5  6 16 28] 1 787
 5  6 16 27] 1 787
 5  6 16 18] 1 830
 5  6 14 41] 1 772
 5  6 14 21] 1 772
 5  6 13 28] 1 787
 5  6 13 27] 1 787
 5  6 13 16] 1 787
 5  6 11 41] 1 772
 5  6 11 21] 1 772
 5  6 11 14] 1 772
 4 38 41 43] 1 927 [+] 
 4 35 43 45] 1 829
 4 33 40 43] 1 752
 4 32 33 43] 1 872
 4 31 43 45] 1 829
 4 31 35 45] 1 829
 4 31 35 43] 1 829
 4 30 33 43] 1 872
 4 30 32 43] 1 872
 4 30 32 33] 1 872
 4 29 31 39] 1 828
 4 28 37 45] 1 884
 4 28 29 43] 1 840
 4 27 38 40] 1 905
 4 26 27 32] 1 881
 4 25 27 32] 1 860
 4 25 26 33] 1 785
 4 24 42 45] 1 761
 4 23 37 45] 1 884
 4 23 28 45] 1 884
 4 23 28 37] 1 884
 4 22 41 43] 1 927 [+] 
 4 22 38 43] 1 927 [+] 
 4 22 38 41] 1 927 [+] 
 4 20 40 43] 1 752
 4 20 33 43] 1 752
 4 20 33 40] 1 752
 4 20 28 44] 1 751
 4 20 27 32] 1 881
 4 20 26 32] 1 881
 4 20 26 27] 1 881
 4 18 29 37] 1 890
35 36 37 41] 1 778
 4 18 26 42] 1 892
 4 18 26 32] 1 881
 4 18 26 27] 1 881
 4 18 25 32] 1 860
 4 18 25 27] 1 860
 4 18 20 32] 1 881
 4 18 20 27] 1 881
 4 18 20 26] 1 881
 4 17 27 32] 1 732
 4 17 26 42] 1 892
 4 17 18 42] 1 892
 4 17 18 26] 1 892
 4 16 40 43] 1 752
 4 16 38 40] 1 905
 4 16 33 43] 1 752
 4 16 33 40] 1 752
 4 16 28 44] 1 751
 4 16 27 40] 1 905
 4 16 27 38] 1 905
 4 16 20 44] 1 751
 4 16 20 43] 1 752
 4 16 20 40] 1 752
 4 16 20 33] 1 752
 4 16 20 28] 1 751
 4 16 17 19] 1 740
 4 15 41 43] 1 927 [+] 
 4 15 38 43] 1 927 [+] 
 4 15 38 41] 1 927 [+] 
 4 15 26 33] 1 785
 4 15 25 33] 1 785
 4 15 25 26] 1 785
 4 15 22 43] 1 927 [+] 
 4 15 22 41] 1 927 [+] 
 4 15 22 38] 1 927 [+] 
 4 15 18 22] 1 730
 4 14 37 45] 1 884
 4 14 32 42] 1 911
 4 14 29 37] 1 890
 4 14 28 45] 1 884
 4 14 28 37] 1 884
 4 14 23 45] 1 884
 4 14 23 37] 1 884
 4 14 23 28] 1 884
 4 14 18 37] 1 890
 4 14 18 29] 1 890
 4 14 18 22] 1 730
 4 14 15 35] 1 879
 4 14 15 22] 1 730
 4 14 15 18] 1 730
 4 13 31 39] 1 828
 4 13 29 39] 1 828
 4 13 29 31] 1 828
 4 12 32 42] 1 911
 4 12 28 45] 1 800
 4 12 14 42] 1 911
 4 12 14 32] 1 911
 4 11 42 45] 1 761
 4 11 29 43] 1 840
 4 11 28 43] 1 840
 4 11 28 29] 1 840
 4 11 24 45] 1 761
 4 11 24 42] 1 761
 4 10 28 45] 1 800
 4 10 18 22] 1 730
 4 10 15 35] 1 879
 4 10 15 22] 1 730
 4 10 15 18] 1 730
 4 10 14 35] 1 879
 4 10 14 22] 1 730
 4 10 14 18] 1 730
34 43 44 45] 1 882
 4 10 12 45] 1 800
 4 10 12 28] 1 800
 4  9 26 42] 1 892
 4  9 18 42] 1 892
 4  9 18 26] 1 892
 4  9 17 42] 1 892
 4  9 17 26] 1 892
 4  9 17 19] 1 740
 4  9 17 18] 1 892
 4  9 16 19] 1 740
 4  9 16 17] 1 740
 4  8 27 32] 1 860
 4  8 25 32] 1 860
 4  8 25 27] 1 860
 4  8 18 32] 1 860
 4  8 18 27] 1 860
 4  8 18 25] 1 860
 4  8 17 19] 1 740
 4  8 16 19] 1 740
 4  8 16 17] 1 740
 4  8  9 19] 1 740
 4  8  9 17] 1 740
 4  8  9 16] 1 740
 4  7 42 45] 1 761
 4  7 31 39] 1 828
 4  7 29 39] 1 828
 4  7 29 31] 1 828
 4  7 24 45] 1 761
 4  7 24 42] 1 761
 4  7 13 39] 1 828
 4  7 13 31] 1 828
 4  7 13 29] 1 828
 4  7 11 45] 1 761
 4  7 11 42] 1 761
 4  7 11 24] 1 761
 4  6 26 33] 1 785
 4  6 25 33] 1 785
 4  6 25 26] 1 785
 4  6 15 33] 1 785
 4  6 15 26] 1 785
 4  6 15 25] 1 785
 4  5 43 45] 1 829
 4  5 35 45] 1 829
 4  5 35 43] 1 829
 4  5 32 42] 1 911
 4  5 31 45] 1 829
 4  5 31 43] 1 829
 4  5 31 35] 1 829
 4  5 27 32] 1 732
 4  5 17 32] 1 732
 4  5 17 27] 1 732
 4  5 14 42] 1 911
 4  5 14 32] 1 911
 4  5 12 42] 1 911
 4  5 12 32] 1 911
 4  5 12 14] 1 911
 3 42 43 44] 1 924
 3 38 39 42] 1 889
 3 36 42 45] 1 746
 3 34 43 44] 1 924
 3 34 42 44] 1 924
 3 34 42 43] 1 924
 3 33 42 45] 1 746
 3 33 36 45] 1 746
 3 33 36 42] 1 746
 3 33 34 43] 1 920
 3 32 34 43] 1 763
 3 32 33 45] 1 865
 3 31 34 38] 1 888
 3 30 34 37] 1 728
 3 29 39 42] 1 889
 3 29 38 42] 1 889
 3 29 38 39] 1 889
 3 27 39 45] 1 885
 3 27 38 40] 1 905
 3 27 30 41] 1 790
 3 26 34 43] 1 920
 3 26 34 38] 1 795
 3 26 33 43] 1 920
 3 26 33 34] 1 920
 3 24 39 45] 1 885
 3 24 31 39] 1 784
 3 24 27 45] 1 885
 3 24 27 43] 1 917
 3 24 27 39] 1 885
 3 23 36 41] 1 923
 3 23 31 39] 1 784
 3 23 27 43] 1 917
 3 23 24 43] 1 917
 3 23 24 39] 1 784
 3 23 24 31] 1 784
 3 23 24 27] 1 917
 3 22 33 45] 1 865
 3 22 32 45] 1 865
 3 22 32 33] 1 865
 3 22 31 32] 1 748
 3 22 23 44] 1 908
 3 21 26 41] 1 762
 3 21 23 44] 1 908
 3 21 22 44] 1 908
 3 21 22 23] 1 908
 3 20 28 44] 1 751
 3 19 31 39] 1 831
 3 19 30 41] 1 790
 3 19 27 41] 1 790
 3 19 27 30] 1 790
 3 18 36 41] 1 923
 3 18 31 32] 1 805
 3 18 23 41] 1 923
 3 18 23 36] 1 923
 3 17 36 41] 1 923
 3 17 23 41] 1 923
 3 17 23 36] 1 923
 3 17 18 41] 1 923
 3 17 18 36] 1 923
 3 17 18 23] 1 923
 3 16 38 40] 1 905
 3 16 34 43] 1 763
 3 16 32 43] 1 763
 3 16 32 34] 1 763
 3 16 31 39] 1 831
 3 16 28 44] 1 751
 3 16 27 40] 1 905
 3 16 27 38] 1 905
 3 16 23 44] 1 908
 3 16 22 44] 1 908
 3 16 22 23] 1 908
 3 16 21 44] 1 908
 3 16 21 23] 1 908
 3 16 21 22] 1 908
 3 16 20 44] 1 751
 3 16 20 28] 1 751
 3 16 19 39] 1 831
 3 16 19 31] 1 831
 3 15 33 45] 1 865
 3 15 32 45] 1 865
 3 15 32 33] 1 865
 3 15 22 45] 1 865
 3 15 22 33] 1 865
 3 15 22 32] 1 865
 3 14 16 43] 1 812
 3 13 39 42] 1 889
 3 13 38 42] 1 889
 3 13 38 39] 1 889
 3 13 34 38] 1 795
 3 13 33 39] 1 873
34 42 43 44] 1 924
 3 13 29 42] 1 889
 3 13 29 39] 1 889
 3 13 29 38] 1 889
 3 13 26 38] 1 795
 3 13 26 34] 1 795
 3 13 25 43] 1 817
 3 13 25 36] 1 864
 3 13 22 32] 1 748
 3 13 22 31] 1 748
 3 13 18 32] 1 805
 3 13 18 31] 1 805
 3 12 42 45] 1 746
 3 12 42 43] 1 765
 3 12 36 45] 1 746
 3 12 36 42] 1 746
 3 12 34 38] 1 888
 3 12 33 45] 1 746
 3 12 33 42] 1 746
 3 12 33 39] 1 873
 3 12 33 36] 1 746
 3 12 31 38] 1 888
 3 12 31 34] 1 888
 3 12 31 32] 1 805
 3 12 26 41] 1 762
 3 12 25 43] 1 817
 3 12 21 41] 1 762
 3 12 21 26] 1 762
 3 12 18 32] 1 805
 3 12 18 31] 1 805
 3 12 16 43] 1 812
 3 12 14 43] 1 812
 3 12 14 16] 1 812
 3 12 13 43] 1 817
 3 12 13 39] 1 873
 3 12 13 33] 1 873
 3 12 13 32] 1 805
 3 12 13 31] 1 805
 3 12 13 25] 1 817
 3 12 13 19] 1 839
 3 12 13 18] 1 805
 3 11 43 44] 1 924
 3 11 42 44] 1 924
 3 11 42 43] 1 924
 3 11 34 44] 1 924
 3 11 34 43] 1 924
 3 11 34 42] 1 924
 3 11 13 19] 1 839
 3 11 12 19] 1 839
 3 11 12 13] 1 839
 3 10 34 38] 1 795
 3 10 34 37] 1 728
34 40 42 43] 1 862
 3 10 31 32] 1 748
 3 10 30 37] 1 728
 3 10 30 34] 1 728
 3 10 26 38] 1 795
 3 10 26 34] 1 795
 3 10 25 36] 1 864
 3 10 24 39] 1 784
 3 10 24 31] 1 784
 3 10 23 39] 1 784
 3 10 23 31] 1 784
 3 10 23 24] 1 784
 3 10 22 32] 1 748
 3 10 22 31] 1 748
 3 10 19 39] 1 831
 3 10 19 31] 1 831
 3 10 16 39] 1 831
 3 10 16 31] 1 831
 3 10 16 19] 1 831
 3 10 13 38] 1 795
 3 10 13 36] 1 864
 3 10 13 34] 1 795
 3 10 13 32] 1 748
 3 10 13 31] 1 748
 3 10 13 26] 1 795
 3 10 13 25] 1 864
 3 10 13 22] 1 748
 3  9 25 43] 1 817
 3  9 13 43] 1 817
 3  9 13 25] 1 817
 3  9 13 19] 1 839
 3  9 12 43] 1 817
 3  9 12 25] 1 817
 3  9 12 23] 1 745
 3  9 12 19] 1 839
34 39 44 45] 1 882
 3  9 11 19] 1 839
 3  9 11 13] 1 839
 3  9 11 12] 1 839
 3  8 42 43] 1 765
 3  8 34 43] 1 763
 3  8 32 43] 1 763
 3  8 32 34] 1 763
 3  8 30 41] 1 790
 3  8 27 41] 1 790
 3  8 27 30] 1 790
 3  8 19 41] 1 790
 3  8 19 30] 1 790
 3  8 19 27] 1 790
 3  8 16 43] 1 763
 3  8 16 34] 1 763
 3  8 16 32] 1 763
 3  8 12 43] 1 765
 3  8 12 42] 1 765
 3  7 34 38] 1 888
 3  7 31 38] 1 888
 3  7 31 34] 1 888
 3  7 25 36] 1 864
 3  7 13 36] 1 864
 3  7 13 25] 1 864
 3  7 12 38] 1 888
 3  7 12 34] 1 888
 3  7 12 31] 1 888
 3  7 10 36] 1 864
 3  7 10 25] 1 864
 3  7 10 13] 1 864
 3  6 34 37] 1 728
 3  6 30 37] 1 728
 3  6 30 34] 1 728
 3  6 10 37] 1 728
 3  6 10 34] 1 728
 3  6 10 30] 1 728
 3  5 33 39] 1 873
 3  5 13 39] 1 873
 3  5 13 33] 1 873
 3  5 12 39] 1 873
 3  5 12 33] 1 873
 3  5 12 13] 1 873
 3  4 38 40] 1 905
 3  4 28 44] 1 751
 3  4 27 40] 1 905
 3  4 27 38] 1 905
 3  4 20 44] 1 751
 3  4 20 28] 1 751
 3  4 16 44] 1 751
 3  4 16 40] 1 905
 3  4 16 38] 1 905
 3  4 16 28] 1 751
 3  4 16 27] 1 905
 3  4 16 20] 1 751
 2 38 42 45] 1 814
 2 33 34 43] 1 920
 2 32 33 43] 1 872
 2 31 33 42] 1 791
 2 30 33 45] 1 837
 2 30 33 43] 1 872
 2 30 32 43] 1 872
 2 30 32 33] 1 872
 2 28 42 45] 1 814
 2 28 38 45] 1 814
 2 28 38 42] 1 814
 2 28 33 45] 1 837
 2 28 31 32] 1 906
 2 28 30 45] 1 837
 2 28 30 33] 1 837
 2 28 29 43] 1 840
 2 27 37 39] 1 869
 2 26 43 45] 1 904
 2 26 34 43] 1 920
 2 26 33 43] 1 920
 2 26 33 34] 1 920
 2 26 30 34] 1 871
 2 26 27 44] 1 853
 2 25 42 45] 1 731
 2 25 33 45] 1 837
 2 25 30 45] 1 837
 2 25 30 33] 1 837
 2 25 29 36] 1 792
 2 25 28 45] 1 837
 2 25 28 33] 1 837
 2 25 28 30] 1 837
 2 24 37 41] 1 753
 2 24 29 31] 1 754
 2 23 27 44] 1 853
 2 23 26 44] 1 853
 2 23 26 27] 1 853
 2 22 38 39] 1 848
 2 22 32 36] 1 798
 2 21 42 45] 1 814
 2 21 38 45] 1 814
 2 21 38 42] 1 814
 2 21 28 45] 1 814
 2 21 28 42] 1 814
 2 21 28 38] 1 814
 2 21 22 28] 1 903
 2 20 37 39] 1 869
 2 20 27 39] 1 869
 2 20 27 37] 1 869
 2 19 37 41] 1 753
 2 19 35 39] 1 788
 2 19 29 36] 1 792
 2 19 25 36] 1 792
 2 19 25 29] 1 792
 2 19 24 41] 1 753
 2 19 24 37] 1 753
 2 19 24 36] 1 750
 2 18 21 27] 1 736
 2 17 37 41] 1 753
 2 17 29 31] 1 754
 2 17 27 43] 1 922
 2 17 27 32] 1 732
 2 17 24 41] 1 753
 2 17 24 37] 1 753
 2 17 24 31] 1 754
 2 17 24 29] 1 754
 2 17 21 27] 1 736
 2 17 19 41] 1 753
 2 17 19 37] 1 753
 2 17 19 24] 1 753
 2 17 18 27] 1 736
 2 17 18 21] 1 736
 2 16 38 39] 1 848
 2 16 25 31] 1 878
 2 16 22 39] 1 848
 2 16 22 38] 1 848
 2 16 22 28] 1 903
 2 16 21 28] 1 903
 2 16 21 22] 1 903
 2 15 24 36] 1 750
 2 15 22 28] 1 903
 2 15 21 28] 1 903
 2 15 21 22] 1 903
 2 15 19 36] 1 750
 2 15 19 24] 1 750
 2 15 16 28] 1 903
 2 15 16 22] 1 903
 2 15 16 21] 1 903
 2 14 32 36] 1 798
 2 14 31 32] 1 906
 2 14 28 32] 1 906
 2 14 28 31] 1 906
 2 14 22 36] 1 798
 2 14 22 32] 1 798
 2 13 42 45] 1 731
 2 13 27 43] 1 922
 2 13 25 45] 1 731
 2 13 25 42] 1 731
 2 13 22 37] 1 915
 2 13 17 43] 1 922
 2 13 17 27] 1 922
 2 12 33 42] 1 791
 2 12 31 42] 1 791
 2 12 31 33] 1 791
 2 12 30 34] 1 871
 2 12 26 34] 1 871
 2 12 26 30] 1 871
 2 12 19 45] 1 789
 2 11 35 39] 1 788
 2 11 29 43] 1 840
 2 11 28 43] 1 840
 2 11 28 29] 1 840
 2 11 25 31] 1 878
 2 11 22 37] 1 915
 2 11 21 27] 1 736
 2 11 19 39] 1 788
 2 11 19 35] 1 788
 2 11 18 27] 1 736
 2 11 18 21] 1 736
 2 11 17 27] 1 736
 2 11 17 21] 1 736
 2 11 17 18] 1 736
 2 11 16 31] 1 878
 2 11 16 25] 1 878
 2 11 13 37] 1 915
 2 11 13 22] 1 915
 2 10 35 39] 1 788
 2 10 33 42] 1 791
 2 10 32 36] 1 798
 2 10 31 42] 1 791
 2 10 31 33] 1 791
 2 10 22 36] 1 798
 2 10 22 32] 1 798
 2 10 19 39] 1 788
 2 10 19 35] 1 788
 2 10 14 36] 1 798
 2 10 14 32] 1 798
 2 10 14 22] 1 798
 2 10 12 42] 1 791
 2 10 12 33] 1 791
 2 10 12 31] 1 791
 2 10 11 39] 1 788
 2 10 11 35] 1 788
 2 10 11 19] 1 788
 2  9 12 23] 1 745
 2  8 43 45] 1 904
 2  8 29 31] 1 754
 2  8 27 44] 1 853
 2  8 26 45] 1 904
 2  8 26 44] 1 853
 2  8 26 43] 1 904
 2  8 26 27] 1 853
 2  8 24 31] 1 754
 2  8 24 29] 1 754
 2  8 23 44] 1 853
 2  8 23 27] 1 853
 2  8 23 26] 1 853
 2  8 17 31] 1 754
 2  8 17 29] 1 754
 2  8 17 24] 1 754
 2  7 42 45] 1 731
 2  7 29 36] 1 792
 2  7 25 45] 1 731
 2  7 25 42] 1 731
 2  7 25 36] 1 792
 2  7 25 29] 1 792
 2  7 19 45] 1 789
 2  7 19 36] 1 792
 2  7 19 29] 1 792
 2  7 19 25] 1 792
 2  7 13 45] 1 731
 2  7 13 42] 1 731
 2  7 13 25] 1 731
 2  7 12 45] 1 789
 2  7 12 19] 1 789
 2  6 43 45] 1 904
 2  6 37 39] 1 869
 2  6 30 34] 1 871
 2  6 27 43] 1 922
 2  6 27 39] 1 869
 2  6 27 37] 1 869
 2  6 26 45] 1 904
 2  6 26 43] 1 904
 2  6 26 34] 1 871
 2  6 26 30] 1 871
 2  6 25 31] 1 878
 2  6 22 37] 1 915
 2  6 20 39] 1 869
 2  6 20 37] 1 869
 2  6 20 27] 1 869
 2  6 19 45] 1 789
 2  6 17 43] 1 922
 2  6 17 27] 1 922
 2  6 16 31] 1 878
 2  6 16 25] 1 878
 2  6 13 43] 1 922
 2  6 13 37] 1 915
 2  6 13 27] 1 922
 2  6 13 22] 1 915
 2  6 13 17] 1 922
 2  6 12 45] 1 789
 2  6 12 34] 1 871
 2  6 12 30] 1 871
 2  6 12 26] 1 871
 2  6 12 19] 1 789
 2  6 11 37] 1 915
 2  6 11 31] 1 878
 2  6 11 25] 1 878
 2  6 11 22] 1 915
 2  6 11 16] 1 878
 2  6 11 13] 1 915
 2  6  8 45] 1 904
 2  6  8 43] 1 904
 2  6  8 26] 1 904
 2  6  7 45] 1 789
 2  6  7 19] 1 789
 2  6  7 12] 1 789
 2  5 31 32] 1 906
 2  5 28 32] 1 906
 2  5 28 31] 1 906
 2  5 27 32] 1 732
 2  5 17 32] 1 732
 2  5 17 27] 1 732
 2  5 14 32] 1 906
 2  5 14 31] 1 906
 2  5 14 28] 1 906
 2  4 33 43] 1 872
 2  4 32 43] 1 872
 2  4 32 33] 1 872
 2  4 30 43] 1 872
 2  4 30 33] 1 872
 2  4 30 32] 1 872
 2  4 29 43] 1 840
 2  4 28 43] 1 840
 2  4 28 29] 1 840
 2  4 27 32] 1 732
 2  4 17 32] 1 732
 2  4 17 27] 1 732
 2  4 11 43] 1 840
 2  4 11 29] 1 840
 2  4 11 28] 1 840
 2  4  5 32] 1 732
 2  4  5 27] 1 732
 2  4  5 17] 1 732
 2  3 34 43] 1 920
 2  3 33 43] 1 920
 2  3 33 34] 1 920
 2  3 26 43] 1 920
 2  3 26 34] 1 920
 2  3 26 33] 1 920
 2  3 12 23] 1 745
 2  3  9 23] 1 745
 2  3  9 12] 1 745
 1 36 40 41] 1 796
 1 33 40 45] 1 845
 1 29 40 45] 1 845
 1 29 33 45] 1 845
 1 29 33 40] 1 845
 1 27 39 45] 1 885
 1 27 35 39] 1 910
 1 26 40 41] 1 796
 1 26 36 41] 1 796
 1 26 36 40] 1 796
 1 26 32 36] 1 804
 1 24 39 45] 1 885
 1 24 29 44] 1 821
 1 24 27 45] 1 885
 1 24 27 43] 1 917
 1 24 27 39] 1 885
 1 23 39 43] 1 770
 1 23 28 42] 1 874
 1 23 27 43] 1 917
 1 23 25 41] 1 893
 1 23 24 43] 1 917
 1 23 24 27] 1 917
 1 22 38 39] 1 848
 1 21 40 41] 1 796
 1 21 36 41] 1 796
 1 21 36 40] 1 796
34 39 43 45] 1 882
 1 21 26 40] 1 796
 1 21 26 36] 1 796
 1 19 28 42] 1 874
 1 19 24 36] 1 750
 1 19 23 42] 1 874
 1 19 23 28] 1 874
 1 18 29 37] 1 890
 1 17 35 39] 1 910
 1 17 27 39] 1 910
 1 17 27 35] 1 910
 1 17 25 41] 1 893
 1 17 23 41] 1 893
 1 17 23 25] 1 893
 1 16 40 45] 1 845
 1 16 38 39] 1 848
 1 16 33 45] 1 845
 1 16 33 40] 1 845
 1 16 29 45] 1 845
 1 16 29 40] 1 845
 1 16 29 33] 1 845
 1 16 22 39] 1 848
 1 16 22 38] 1 848
 1 15 28 42] 1 874
 1 15 25 41] 1 893
 1 15 24 36] 1 750
 1 15 23 42] 1 874
 1 15 23 41] 1 893
 1 15 23 28] 1 874
 1 15 23 25] 1 893
 1 15 19 42] 1 874
 1 15 19 36] 1 750
 1 15 19 28] 1 874
 1 15 19 24] 1 750
 1 15 19 23] 1 874
 1 15 17 41] 1 893
 1 15 17 25] 1 893
 1 15 17 23] 1 893
 1 14 29 37] 1 890
 1 14 26 28] 1 836
 1 14 18 37] 1 890
 1 14 18 29] 1 890
 1 14 16 43] 1 812
 1 14 15 35] 1 879
 1 13 32 36] 1 804
 1 13 29 44] 1 821
 1 13 26 36] 1 804
 1 13 26 32] 1 804
 1 13 24 44] 1 821
 1 13 24 29] 1 821
 1 12 42 43] 1 765
 1 12 39 43] 1 770
 1 12 29 44] 1 821
 1 12 28 45] 1 800
 1 12 26 41] 1 762
 1 12 24 44] 1 821
 1 12 24 29] 1 821
 1 12 23 43] 1 770
 1 12 23 39] 1 770
 1 12 21 41] 1 762
 1 12 21 26] 1 762
 1 12 16 43] 1 812
 1 12 14 43] 1 812
 1 12 14 16] 1 812
 1 12 13 44] 1 821
 1 12 13 29] 1 821
 1 12 13 24] 1 821
 1 11 35 39] 1 910
 1 11 27 39] 1 910
 1 11 27 35] 1 910
 1 11 26 28] 1 836
 1 11 17 39] 1 910
 1 11 17 35] 1 910
 1 11 17 27] 1 910
 1 11 14 28] 1 836
 1 11 14 26] 1 836
 1 10 32 36] 1 804
 1 10 28 45] 1 800
 1 10 26 36] 1 804
 1 10 26 32] 1 804
 1 10 15 35] 1 879
 1 10 14 35] 1 879
 1 10 14 15] 1 879
 1 10 13 36] 1 804
 1 10 13 32] 1 804
 1 10 13 26] 1 804
 1 10 12 45] 1 800
 1 10 12 28] 1 800
 1  9 39 43] 1 770
 1  9 26 28] 1 836
 1  9 23 43] 1 770
 1  9 23 39] 1 770
 1  9 14 28] 1 836
 1  9 14 26] 1 836
 1  9 12 43] 1 770
 1  9 12 39] 1 770
34 39 43 44] 1 882
 1  9 11 28] 1 836
 1  9 11 26] 1 836
 1  9 11 14] 1 836
 1  8 42 43] 1 765
 1  8 12 43] 1 765
 1  8 12 42] 1 765
 1  4 29 37] 1 890
 1  4 28 45] 1 800
 1  4 18 37] 1 890
 1  4 18 29] 1 890
 1  4 15 35] 1 879
 1  4 14 37] 1 890
 1  4 14 35] 1 879
 1  4 14 29] 1 890
 1  4 14 18] 1 890
 1  4 14 15] 1 879
 1  4 12 45] 1 800
 1  4 12 28] 1 800
 1  4 10 45] 1 800
 1  4 10 35] 1 879
 1  4 10 28] 1 800
 1  4 10 15] 1 879
 1  4 10 14] 1 879
 1  4 10 12] 1 800
 1  3 42 43] 1 765
 1  3 39 45] 1 885
 1  3 27 45] 1 885
 1  3 27 43] 1 917
 1  3 27 39] 1 885
 1  3 26 41] 1 762
 1  3 24 45] 1 885
 1  3 24 43] 1 917
 1  3 24 39] 1 885
34 38 42 43] 1 862
 1  3 23 43] 1 917
 1  3 23 27] 1 917
 1  3 23 24] 1 917
 1  3 21 41] 1 762
 1  3 21 26] 1 762
 1  3 16 43] 1 812
 1  3 14 43] 1 812
 1  3 14 16] 1 812
34 38 40 43] 1 862
 1  3 12 42] 1 765
 1  3 12 41] 1 762
 1  3 12 26] 1 762
 1  3 12 23] 1 745
 1  3 12 21] 1 762
 1  3 12 16] 1 812
 1  3 12 14] 1 812
 1  3  9 23] 1 745
 1  3  9 12] 1 745
 1  3  8 43] 1 765
 1  3  8 42] 1 765
 1  3  8 12] 1 765
 1  2 38 39] 1 848
 1  2 24 36] 1 750
 1  2 22 39] 1 848
 1  2 22 38] 1 848
 1  2 19 36] 1 750
 1  2 19 24] 1 750
 1  2 16 39] 1 848
 1  2 16 38] 1 848
 1  2 16 22] 1 848
 1  2 15 36] 1 750
 1  2 15 24] 1 750
 1  2 15 19] 1 750
 1  2 12 23] 1 745
 1  2  9 23] 1 745
 1  2  9 12] 1 745
 1  2  3 23] 1 745
 1  2  3 12] 1 745
 1  2  3  9] 1 745
