20110706 4 5 601586 530562 601585 601587 530561 530563 725668 81227 1900 54 15 4 3
20110713 2 2 375223 511555 375222 375224 511554 511556 541116 19605 772 13 53 9 3
20110720 2 1 389932 405842 389931 389933 405841 405843 503055 00611 6968 23 11 3 4
20110727 2 1 835371 144422 835370 835372 144421 144423 314768 03483 110 08 45 8 5
20110803 3 3 197112 208043 197111 197113 208042 208044 377346 19584 789 58 32 8 0
20110810 1 3 317170 311618 317169 317171 311617 311619 440563 63384 7454 02 74 1 2
20110817 3 5 360049 983515 360048 360050 983514 983516 988775 58712 5272 68 55 8 4
20110824 3 1 550501 617999 550500 550502 617998 618000 482851 70928 8098 67 94 1 0
20110831 3 1 759177 250156 759176 759178 250155 250157 862394 53916 1145 62 09 0 8
20110907 4 3 449952 955088 449951 449953 955087 955089 276668 58554 4042 10 96 6 7
20110914 2 1 449618 743410 449617 449619 743409 743411 723282 38469 6770 98 21 5 1
20110921 5 2 112245 247202 112244 112246 247201 247203 535594 88300 1241 16 00 0 9
20110928 2 7 747608 168239 747607 747609 168238 168240 142961 17991 3132 92 49 6 8
20111005 7 6 804847 379717 804846 804848 379716 379718 847767 09496 7908 88 35 9 6
20111012 4 5 325752 165864 325751 325753 165863 165865 768986 93293 1738 63 44 6 9
20111019 6 2 712157 211799 712156 712158 211798 211800 504191 24933 5519 19 83 2 7
20111026 3 7 952292 879489 952291 952293 879488 879490 211287 60958 2738 24 08 0 5
20111102 5 6 298717 713274 298716 298718 713273 713275 742605 75688 6588 14 58 8 6
20111109 4 6 968742 487934 968741 968743 487933 487935 318201 36736 7425 84 73 8 9
20111116 1 4 486374 645601 486373 486375 645600 645602 651001 06060 284 14 21 2 3
20111123 6 2 182853 511278 182852 182854 511277 511279 851114 52430 2957 81 21 2 5
20111130 7 6 423612 753227 423611 423613 753226 753228 803150 43692 1162 80 88 3 6
20111207 7 2 296329 313475 296328 296330 313474 313476 489836 76936 8868 65 61 8 4
20111214 7 3 131662 833782 131661 131663 833781 833783 910197 17506 2923 21 18 7 3
20111221 6 7 265951 750416 265950 265952 750415 750417 554087 07778 656 11 67 2 6
20111228 6 2 785115 697778 785114 785116 697777 697779 459983 99499 9919 69 07 9 1
20120104 2 4 202874 665049 202873 202875 665048 665050 141105 43844 2219 31 82 3 5
20120111 5 4 429322 514226 429321 429323 514225 514227 316253 68487 6678 25 46 4 2
20120118 3 2 263656 631829 263655 263657 631828 631830 169124 63614 6016 92 27 2 9
20120125 4 2 541402 291849 541401 541403 291848 291850 671847 52178 6363 29 02 6 2
20120201 1 5 349128 410752 349127 349129 410751 410753 930857 83876 2443 86 72 5 3
20120208 7 7 243999 732178 243998 244000 732177 732179 789336 44965 7331 97 60 1 7
20120215 1 6 504243 517797 504242 504244 517796 517798 493075 47791 5549 04 68 3 7
20120222 5 1 387868 157909 387867 387869 157908 157910 923418 14664 9772 68 80 9 6
20120229 5 4 865836 658725 865835 865837 658724 658726 885806 77004 858 19 96 5 1
20120307 7 1 392431 316777 392430 392432 316776 316778 496580 43114 3819 37 07 5 4
20120314 6 2 588899 918867 588898 588900 918866 918868 396504 67783 7741 15 57 0 9
20120321 4 6 140569 977748 140568 140570 977747 977749 340835 72944 9749 38 31 1 9
20120328 3 1 968290 681892 968289 968291 681891 681893 819672 96123 4446 27 86 6 5
20120404 2 1 614787 677612 614786 614788 677611 677613 552332 17012 6453 33 62 3 5
20120411 3 7 363109 600536 363108 363110 600535 600537 564666 31893 3949 26 28 3 5
20120418 5 6 151384 563640 151383 151385 563639 563641 972894 28921 4959 84 52 8 5
20120425 7 7 269120 608964 269119 269121 608963 608965 527586 40488 4294 75 86 4 9
20120502 3 1 804316 242778 804315 804317 242777 242779 172875 35340 952 46 24 3 1
20120509 3 5 373329 935207 373328 373330 935206 935208 902361 79955 3111 17 60 2 7
20120516 2 1 118531 797448 118532 118530 797449 797447 801799 39027 4036 84 61 7 3
20120523 3 6 983441 987255 983440 983442 987254 987256 982179 63949 7993 90 79 2 8
20120530 1 1 174320 873477 174319 174321 873476 873478 586146 21301 7572 91 32 1 4
20120606 5 5 619564 298625 619563 619565 298624 298626 682272 40653 2371 94 58 4 3
20120613 1 7 131730 258413 131729 131731 258412 258414 546780 03782 7508 06 28 8 4
20120620 1 6 269631 567329 269630 269632 567328 567330 227261 55745 6562 67 68 1 8
20120627 7 2 782629 942270 782628 782630 942269 942271 374678 17161 878 63 86 4 9
20120704 1 1 530440 564191 530439 530441 564190 564192 586106 92573 5455 36 71 0 2
20120711 1 3 785965 981498 785964 785966 981497 981499 175118 62295 8473 27 60 0 1
20120718 6 2 597175 702248 597174 597176 702247 702249 865097 86509 442 05 83 6 7
20120725 3 4 351600 710082 351599 351601 710081 710083 297082 50197 967 20 75 0 1
20120801 6 2 869809 886407 869808 869810 886406 886408 999962 21584 5649 23 86 1 8
20120808 4 4 624854 628053 624853 624855 628052 628054 445754 33999 054 39 95 7 4
20120815 3 1 751004 400216 751003 751005 400215 400217 913851 20108 7474 56 46 6 9
20120822 5 3 701408 493074 701407 701409 493073 493075 848017 83761 1159 77 98 3 7
20120829 2 7 488661 770019 488660 488662 770018 770020 316886 34196 1011 66 53 3 8
20120905 5 1 651366 989610 651365 651367 989609 989611 490409 30100 4475 32 65 4 9
20120912 4 4 979959 218503 979958 979960 218502 218504 598693 31685 5850 20 06 7 4
20120919 6 3 585706 843855 585705 585707 843854 843856 143980 93411 4424 73 99 2 6
20120926 5 5 922436 611801 922435 922437 611800 611802 910739 57459 7280 66 00 7 4
20121003 6 2 305164 913518 305163 305165 913517 913519 388804 71901 224 94 96 6 8
20121010 6 4 203405 323747 203404 203406 323746 323748 550745 79977 844 32 38 5 7
20121017 7 5 815673 397728 815672 815674 397727 397729 481456 88786 995 30 83 8 7
20121024 5 1 641344 833980 641343 641345 833979 833981 502148 48509 242 10 76 7 8
20121031 7 5 252461 341646 252460 252462 341645 341647 591863 41476 817 08 32 2 9
20121107 3 6 690796 738717 690795 690797 738716 738718 710613 65448 626 09 82 2 8
20121114 6 5 499705 904901 499704 499706 904900 904902 180205 18594 391 30 35 3 8
20121121 5 4 492793 565722 492792 492794 565721 565723 177267 95518 959 35 79 1 8
20121128 1 6 152875 313069 152874 152876 313068 313070 267301 25083 907 33 43 3 9
20121205 3 1 575826 991771 575825 575827 991770 991772 623691 49777 737 02 42 0 1
20121212 6 5 409876 645504 409875 409877 645503 645505 880427 09077 192 05 92 5 9
20121219 3 5 386104 823404 386103 386105 823403 823405 767128 50193 280 35 72 5 8
20121226 7 5 186843 356590 186842 186844 356589 356591 423902 81761 681 43 93 5 8
20130102 4 5 345997 795435 345996 345998 795434 795436 287691 74730 679 37 85 1 8
20130109 5 1 443698 660703 443697 443699 660702 660704 587053 02658 535 21 28 2 3
20130116 2 1 526008 702025 526007 526009 702024 702026 512198 67632 871 27 68 0 7
20130123 2 7 225269 968398 225268 225270 968397 968399 510911 06945 086 18 89 4 6
20130130 1 3 227729 902524 227728 227730 902523 902525 496830 04972 269 70 78 0 7
20130206 7 7 718337 952591 718336 718338 952590 952592 538720 82225 358 04 13 3 9
20130213 6 6 256596 311991 256595 256597 311990 311992 669728 71008 795 24 66 6 7
20130220 3 6 970652 990861 970651 970653 990860 990862 621270 66656 853 70 80 3 8
20130227 6 6 213257 778955 213256 213258 778954 778956 650222 40852 522 38 79 2 4
20130306 2 4 394401 803881 394400 394402 803880 803882 526172 75711 291 19 85 5 8
20130313 6 2 558004 649265 558003 558005 649264 649266 128770 77519 256 10 66 1 3
20130320 7 4 205614 834163 205613 205615 834162 834164 598111 77079 182 75 91 0 5
20130327 5 3 295215 966084 295214 295216 966083 966085 347505 61036 137 18 83 3 6
20130403 3 4 220309 759873 220308 220310 759872 759874 225757 86494 154 23 53 7 9
20130410 3 4 406355 703698 406354 406356 703697 703699 828839 96956 682 46 99 4 8
20130417 2 7 115306 164212 115305 115307 164211 164213 982157 42978 530 55 87 3 9
20130424 4 5 463677 701356 463676 463678 701355 701357 160051 86725 823 00 10 2 4
20130501 6 2 734427 891094 734426 734428 891093 891095 377955 81294 313 59 62 1 3
20130508 2 7 187708 692251 187707 187709 692250 692252 645137 10914 200 31 55 3 8
20130515 6 5 343382 424219 343381 343383 424218 424220 782507 27852 128 33 76 6 7
20130522 7 2 450306 610622 450305 450307 610621 610623 651093 35141 804 59 84 5 8
20130529 2 2 372550 584089 372549 372551 584088 584090 993507 87847 755 27 64 0 9
20130605 3 3 386739 601088 386738 386740 601087 601089 812028 14436 375 54 72 1 2
20130612 7 3 169853 887566 169852 169854 887565 887567 725323 68233 654 07 64 2 6
20130619 3 3 501499 582377 501498 501500 582376 582378 970880 31530 055 84 86 2 3
20130626 4 6 155232 229331 155231 155233 229330 229332 353457 18338 296 50 99 5 9
20130703 2 2 860489 893255 860488 860490 893254 893256 660106 07091 997 42 74 0 1
20130710 2 1 303666 609211 303665 303667 609210 609212 675258 82585 625 04 79 2 8
20130717 4 5 302030 575093 302029 302031 575092 575094 231088 63810 402 46 78 5 7
20130724 7 2 314966 931745 314965 314967 931744 931746 653678 10535 847 16 25 1 5
20130731 3 5 220734 606022 220733 220735 606021 606023 882764 13514 975 30 40 2 9
20130807 3 2 804905 983550 804904 804906 983549 983551 525410 46149 167 55 98 3 9
20130814 2 3 368304 905291 368303 368305 905290 905292 857183 46400 217 05 94 6 8
20130821 7 2 743182 817297 743181 743183 817296 817298 334632 88315 040 08 98 0 3
20130828 1 3 478766 738950 478765 478767 738949 738951 326719 75674 581 41 48 6 8
20130904 1 2 205428 670658 205427 205429 670657 670659 565084 15937 470 13 58 2 3
20130911 7 7 124998 735470 124997 124999 735469 735471 344920 57612 561 46 98 5 8
20130918 4 7 311286 928043 311285 311287 928042 928044 701796 11107 102 48 57 2 5
20130925 2 2 482816 848054 482815 482817 848053 848055 468484 01107 298 63 95 6 8
20131002 7 5 407690 798979 407689 407691 798978 798980 976110 57481 220 25 48 5 6
20131009 4 2 855929 882866 855928 855930 882865 882867 707301 19782 783 37 93 2 4
20131016 1 5 388408 659913 388407 388409 659912 659914 783858 08167 044 42 97 8 9
20131023 6 4 163922 579207 163921 163923 579206 579208 414861 38036 574 50 60 1 9
20131030 3 6 114978 739686 114977 114979 739685 739687 156786 76592 228 61 85 0 9
20131106 2 4 316342 819095 316341 316343 819094 819096 577360 03979 071 45 91 3 4
20131113 4 5 457513 485544 457512 457514 485543 485545 728675 81726 090 41 63 8 9
20131120 4 5 804482 854361 804481 804483 854360 854362 350693 34696 575 22 88 7 8
20131127 7 6 107137 390300 107136 107138 390299 390301 924672 12410 098 36 66 6 8
20131204 3 3 951468 230969 951467 951469 230968 230970 630670 81377 746 16 67 8 4
20131211 3 4 157534 671467 157533 157535 671466 671468 856835 11070 572 80 83 6 9
20131218 5 5 100653 211338 100652 100654 211337 211339 309634 55686 850 13 00 1 9
20131225 1 5 111834 975017 111833 111835 975016 975018 847092 12067 863 10 46 6 8
20140101 4 7 968020 287940 968019 968021 287939 287941 371837 44289 419 37 03 2 0
20140108 7 6 232432 963416 232431 232433 963415 963417 216455 41053 137 68 90 4 3
20140115 1 2 437317 213295 437316 437318 213294 213296 550207 93673 527 05 95 3 9
20140122 1 1 217634 354545 217633 217635 354544 354546 713668 36602 646 82 83 2 9
20140129 4 5 367589 514099 367588 367590 514098 514100 949912 71189 490 50 83 3 8
20140205 1 2 433874 712188 433873 433875 712187 712189 258648 58143 082 32 03 1 2
20140212 4 6 920207 392279 920206 920208 392278 392280 308162 21556 929 92 31 3 7
20140219 7 1 322236 893106 322235 322237 893105 893107 100632 79563 282 12 84 8 0
20140226 2 7 682266 878601 682265 682267 878600 878602 918372 76342 282 01 59 7 8
20140305 2 1 732864 994097 732863 732865 994096 994098 166119 11058 887 51 87 4 0
20140312 7 3 741395 524718 741394 741396 524717 524719 364568 33619 437 77 38 2 3
20140319 4 1 135781 929206 135780 135782 929205 929207 804510 38226 035 66 94 6 7
20140326 1 6 336815 364784 336814 336816 364783 364785 350201 39352 946 76 57 1 5
20140402 4 7 496178 581601 496177 496179 581600 581602 197227 43255 062 81 20 7 1
20140409 5 7 975153 457556 975152 975154 457555 457557 936647 60474 404 21 23 3 7
20140416 5 7 937990 430502 937989 937991 430501 430503 722073 91313 975 15 30 4 7
20140423 5 6 483961 432239 483960 483962 432238 432240 374102 44364 292 85 34 9 6
20140430 5 3 173887 179724 173886 173888 179723 179725 621906 24690 930 79 29 1 4
20140507 5 7 625225 352492 625224 625226 352491 352493 806753 20616 123 62 13 3 4
20140514 2 5 509592 182083 509591 509593 182082 182084 300168 46170 233 79 51 4 8
20140521 4 5 649920 496077 649919 649921 496076 496078 198847 85226 137 60 86 5 9
20140528 2 4 780821 222023 780820 780822 222022 222024 796359 45406 543 98 81 7 2
20140604 4 1 476110 466866 476109 476111 466865 466867 182678 25667 801 10 49 7 6
20140611 4 5 555868 959493 555867 555869 959492 959494 221652 55210 733 12 75 3 6
20140618 6 1 932597 128465 932596 932598 128464 128466 873858 88615 138 83 32 9 0
20140625 2 5 196123 608164 196122 196124 608163 608165 465634 94735 491 10 79 9 7
20140702 4 3 744832 762624 744831 744833 762623 762625 860170 54718 222 71 86 8 3
20140709 7 7 763835 688106 763834 763836 688105 688107 277477 62705 363 09 12 9 4
20140716 2 6 778379 201640 778378 778380 201639 201641 476244 23625 975 87 02 7 1
20140723 4 3 463570 672663 463569 463571 672662 672664 217492 32883 962 49 52 4 5
20140730 3 4 296762 689486 296761 296763 689485 689487 886789 54303 926 87 23 1 5
20140806 4 7 755276 735692 755275 755277 735691 735693 368553 29511 712 53 66 1 2
20140813 3 5 498596 347668 498595 498597 347667 347669 907719 96313 342 92 18 1 3
20140820 6 7 863222 221647 863221 863223 221646 221648 279031 63544 005 17 44 5 8
20140827 5 4 107252 497746 107251 107253 497745 497747 201332 54025 829 65 67 9 4
20140903 4 3 721082 353919 721081 721083 353918 353920 833160 33639 554 70 96 4 8
20140910 7 5 587088 788836 587087 587089 788835 788837 800551 35396 442 39 49 4 2
20140917 3 5 739364 404786 739363 739365 404785 404787 272886 60195 492 43 16 0 1
20140924 1 4 503881 150926 503880 503882 150925 150927 679927 47437 361 92 88 3 1
20141001 2 3 277688 922990 277687 277689 922989 922991 559747 55266 928 98 25 1 7
20141008 2 7 308077 937488 308076 308078 937487 937489 638223 70380 347 32 71 5 4
20141015 4 2 585537 775795 585536 585538 775794 775796 491296 21818 622 83 19 4 5
20141022 4 6 500602 282433 500601 500603 282432 282434 499254 33144 390 28 23 6 0
20141029 7 3 479123 321006 479122 479124 321005 321007 617314 49411 830 88 81 1 3
20141105 5 7 287855 919507 287854 287856 919506 919508 703683 04778 299 93 72 6 3
20141112 4 1 478839 462771 478838 478840 462770 462772 638281 36589 987 94 51 7 4
20141119 4 5 465269 925568 465268 465270 925567 925569 686424 16267 557 05 19 7 8
20141126 2 7 566975 722718 566974 566976 722717 722719 897117 42394 984 99 14 2 5
20141203 6 3 476462 310358 476461 476463 310357 310359 433000 77196 394 63 67 1 4
20141210 4 5 412878 695743 412877 412879 695742 695744 554949 80801 995 21 11 3 4
20141217 4 2 848589 422793 848588 848590 422792 422794 128004 54063 953 49 74 9 5
20141224 7 1 690195 819061 690194 690196 819060 819062 922904 60981 969 76 31 8 3
20141231 4 5 561978 959285 561977 561979 959284 959286 690801 05637 031 20 01 6 9
20150107 4 1 840109 135158 840108 840110 135157 135159 979539 96054 767 44 61 1 5
20150114 4 3 782850 706489 782849 782851 706488 706490 780024 62105 922 47 40 5 2
20150121 4 7 583612 250627 583611 583613 250626 250628 786714 38785 009 86 56 7 9
20150128 5 3 566217 953532 566216 566218 953531 953533 500265 62246 783 38 29 9 6
20150204 3 2 887289 944461 887288 887290 944460 944462 260870 46283 374 03 73 0 7
20150211 7 1 158126 545651 158125 158127 545650 545652 833073 13474 330 80 56 6 4
20150218 2 2 827555 284968 827554 827556 284967 284969 661460 66183 937 22 89 9 8
20150225 1 4 374020 911190 374019 374021 911189 911191 801582 86977 258 24 51 3 2
20150304 6 4 396073 154278 396072 396074 154277 154279 697146 24886 080 44 47 5 9
20150311 5 5 631389 195685 631388 631390 195684 195686 749775 21868 952 05 88 1 2
20150318 7 5 472018 583676 472017 472019 583675 583677 966776 94213 204 59 56 3 6
20150325 7 5 179786 778313 179785 179787 778312 778314 993838 92374 688 33 50 9 7
20150401 3 5 390341 724523 390340 390342 724522 724524 314359 60306 911 01 31 8 1
20150408 6 2 105788 672303 105787 105789 672302 672304 584106 78700 638 52 25 4 1
20150415 5 6 789061 315153 789060 789062 315152 315154 849019 26754 057 80 08 3 5
20150422 3 2 239868 785465 239867 239869 785464 785466 522925 75197 712 29 36 7 8
20150429 1 1 402195 851476 402194 402196 851475 851477 832066 32093 040 31 04 6 4
20150506 7 3 491193 168940 491192 491194 168939 168941 482681 35993 740 84 33 2 4
20150513 7 6 174217 843733 174216 174218 843732 843734 823034 26780 117 51 45 1 6
20150520 2 3 581119 996982 581118 581120 996981 996983 443723 53676 215 18 39 3 9
20150527 4 5 430004 967109 430003 430005 967108 967110 685060 15055 128 11 08 2 8
20150603 4 6 556505 222055 556504 556506 222054 222056 365362 52024 986 22 85 9 3
20150610 6 5 747019 931992 747018 747020 931991 931993 923538 30486 124 52 50 8 2
20150617 1 7 155598 199917 155597 155599 199916 199918 981634 43028 088 37 80 3 6
20150624 2 3 927515 444979 927514 927516 444978 444980 336343 68473 250 50 32 8 0
20150701 7 4 462455 929952 462454 462456 929951 929953 659884 14861 118 92 28 7 8
20150708 1 7 122595 166479 122594 122596 166478 166480 290018 58003 098 90 84 3 2
20150715 1 4 158677 178124 158676 158678 178123 178125 432749 30064 315 87 03 2 1
20150722 1 5 235237 187208 235236 235238 187207 187209 238834 88694 340 55 35 6 9
20150729 4 3 988383 263680 988382 988384 263679 263681 132776 61229 090 27 37 4 9
20150805 2 7 937172 261955 937171 937173 261954 261956 283050 98266 604 54 76 5 6
20150812 3 6 553706 231023 553705 553707 231022 231024 728346 22552 856 95 41 8 6
20150819 7 5 667954 496926 667953 667955 496925 496927 610884 39436 639 32 33 9 0
20150826 2 1 359646 440821 359645 359647 440820 440822 581679 05219 059 42 54 3 6
20150902 2 6 724172 522590 724171 724173 522589 522591 469006 17846 798 05 63 9 8
20150909 7 3 879866 386742 879865 879867 386741 386743 246950 88735 288 16 82 1 6
20150916 3 5 304989 302329 304988 304990 302328 302330 877311 94851 056 16 40 7 3
20150923 1 3 650135 459544 650134 650136 459543 459545 548639 04594 658 13 11 2 4
20150930 4 7 811415 430833 811414 811416 430832 430834 216716 21133 349 33 01 3 6
20151007 4 1 388923 927109 388922 388924 927108 927110 503231 63273 971 25 50 4 3
20151014 6 7 569574 835657 569573 569575 835656 835658 422617 49236 087 05 37 3 7
20151021 6 4 649470 599678 649469 649471 599677 599679 521100 66165 351 81 04 8 2
20151028 3 7 371768 139068 371767 371769 139067 139069 563699 93231 975 80 33 3 2
20151104 7 1 404402 648591 404401 404403 648590 648592 953275 14585 803 20 43 1 8
20151111 2 6 838869 707059 838868 838870 707058 707060 261247 51659 069 95 61 1 4
20151118 6 5 347159 549704 347158 347160 549703 549705 770580 32566 541 56 77 8 5
20151125 1 4 963619 914821 963618 963620 914820 914822 895475 33574 953 93 79 4 3
20151202 5 2 944731 683829 944730 944732 683828 683830 813773 89170 688 40 71 6 7
20151209 1 4 422721 190475 422720 422722 190474 190476 910539 96170 700 70 00 6 2
20151216 4 7 506084 124060 506083 506085 124059 124061 661772 71973 294 75 03 6 2
20151223 7 1 298149 118937 298148 298150 118936 118938 576258 67680 008 02 40 9 8
20151230 4 6 853814 593803 853813 853815 593802 593804 372104 07060 835 84 78 1 6
20160106 2 4 601742 897687 601741 601743 897686 897688 913654 39300 819 92 76 1 4
20160113 6 6 380276 443695 380275 380277 443694 443696 683359 49425 521 79 84 1 0
20160120 7 1 225522 369931 225521 225523 369930 369932 290473 37127 436 82 32 7 0
20160127 4 4 746276 173375 746275 746277 173374 173376 571684 97550 547 53 69 3 0
20160203 3 6 956904 806332 956903 956905 806331 806333 873210 97843 573 80 62 7 6
20160210 6 7 805649 855968 805648 805650 855967 855969 970916 57121 636 38 87 1 9
20160217 1 7 894040 541677 894039 894041 541676 541678 957011 85767 109 29 68 7 5
20160224 6 1 461831 286479 461830 461832 286478 286480 441981 18626 837 08 12 8 6
20160302 4 3 393561 828789 393560 393562 828788 828790 423510 73243 068 78 14 4 8
20160309 5 2 755622 228247 755621 755623 228246 228248 901114 53285 687 06 45 1 9
20160316 2 3 612928 729441 612927 612929 729440 729442 418649 15716 148 66 04 3 6
20160323 7 4 619265 289158 619264 619266 289157 289159 644237 94662 429 40 99 9 8
20160330 5 3 862720 839400 862719 862721 839399 839401 919057 08271 048 22 15 8 3
20160406 4 2 124560 845664 124559 124561 845663 845665 409744 91692 660 24 82 7 3
20160413 5 7 604628 980097 604627 604629 980096 980098 830582 63189 985 99 59 3 6
20160420 4 5 116632 313613 116631 116633 313612 313614 686509 68585 362 89 06 5 8
20160427 4 7 832992 453106 832991 832993 453105 453107 769439 39540 314 34 37 0 6
20160504 4 2 494195 599094 494194 494196 599093 599095 856424 47087 193 40 75 7 9
20160511 7 2 825156 271735 825155 825157 271734 271736 437016 96899 906 30 21 7 8
20160518 3 1 998605 143934 998604 998606 143933 143935 186603 11593 593 72 40 3 9
20160525 3 7 991890 854127 991889 991891 854126 854128 936874 98064 367 22 02 5 1
20160601 6 4 683634 697873 683633 683635 697872 697874 697440 36785 663 36 63 5 4
20160608 5 4 128237 314437 128236 128238 314436 314438 730719 72972 780 62 46 3 7
20160615 2 3 454201 788831 454200 454202 788830 788832 544204 04811 222 19 45 4 0
20160622 4 6 791579 389753 791578 791580 389752 389754 203004 68506 764 95 86 4 1
20160629 4 4 583702 874929 583701 583703 874928 874930 441245 29092 505 36 69 9 4
20160706 5 5 776706 809224 776705 776707 809223 809225 652526 43555 715 43 92 5 7
20160713 5 2 438800 545932 438799 438801 545931 545933 778166 66933 252 50 05 0 1
20160720 4 5 577372 147230 577371 577373 147229 147231 936391 95183 020 27 59 8 6
20160727 1 2 551462 993337 551461 551463 993336 993338 744513 89215 793 78 96 0 9
20160803 2 3 944969 594714 944968 944970 594713 594715 778901 34810 841 82 49 0 2
20160810 5 5 594944 822790 594943 594945 822789 822791 593884 06301 313 89 42 7 4
20160817 6 6 554997 206892 554996 554998 206891 206893 621545 10436 823 21 05 0 8
20160824 7 7 166041 699039 166040 166042 699038 699040 783772 97088 149 43 09 0 5
20160831 5 4 862516 523411 862515 862517 523410 523412 170490 73714 551 32 81 4 2
20160907 2 2 830620 726339 830619 830621 726338 726340 133892 45050 532 99 17 2 1
20160914 7 6 212916 670571 212915 212917 670570 670572 458465 15246 875 51 25 5 0
20160921 7 2 107806 813025 107805 107807 813024 813026 547139 95577 994 13 56 9 5
20160928 5 4 479791 769933 479790 479792 769932 769934 700528 41100 861 03 19 1 8
20161005 1 2 475881 272698 475880 475882 272697 272699 924378 57040 031 11 52 4 6
20161012 6 1 834323 710155 834322 834324 710154 710156 373865 71002 019 92 54 7 1
20161019 2 2 997606 447047 997605 997607 447046 447048 240030 99355 533 05 92 3 0
20161026 7 6 496830 949206 496829 496831 949205 949207 276654 58345 993 87 40 9 1
20161102 5 5 423157 330073 423156 423158 330072 330074 623362 51505 858 36 96 6 7
20161109 7 2 872885 762804 872884 872886 762803 762805 144475 87923 049 11 59 9 0
20161116 7 4 268014 500664 268013 268015 500663 500665 966374 64275 296 54 48 5 8
20161123 7 5 317787 571052 317786 317788 571051 571053 724333 64789 278 44 74 6 2
20161130 3 1 125694 491178 125693 125695 491177 491179 426403 76639 723 74 92 1 0
20161207 5 7 305476 232283 305475 305477 232282 232284 615742 08229 210 88 17 2 8
20161214 6 6 228520 935339 228519 228521 935338 935340 320001 82347 974 90 30 8 5
20161221 7 6 570452 136195 570451 570453 136194 136196 853367 44782 188 84 58 7 5
20161228 5 6 448751 385751 448750 448752 385750 385752 434051 00399 375 38 58 4 5
20170104 7 6 458223 911785 458222 458224 911784 911786 139729 96453 288 90 72 7 1
20170111 7 2 245774 135774 245773 245775 135773 135775 708957 79400 269 53 06 8 1
20170118 1 2 464817 783036 464816 464818 783035 783037 274786 89079 758 98 05 6 5
20170125 5 3 997055 448687 997054 997056 448686 448688 789502 05881 143 91 07 5 8
20170201 3 7 528858 888478 528857 528859 888477 888479 614847 98996 712 69 21 8 4
20170208 7 1 973059 645804 973058 973060 645803 645805 226453 94999 651 41 50 0 1
20170215 3 5 423873 410059 423872 423874 410058 410060 338041 96667 859 69 76 1 2
20170222 1 7 320363 883126 320362 320364 883125 883127 654816 12041 256 93 70 9 7
20170301 1 1 582661 198255 582660 582662 198254 198256 348711 67854 304 72 67 5 4
20170308 1 6 394779 658109 394778 394780 658108 658110 699401 18703 108 76 40 3 8
20170315 3 5 573682 477701 573681 573683 477700 477702 647957 96525 218 66 05 4 9
20170322 3 1 986997 660459 986996 986998 660458 660460 475661 65339 298 26 22 4 5
20170329 2 4 809927 526024 809926 809928 526023 526025 250116 24128 453 88 64 7 1
20170405 2 6 563466 805724 563465 563467 805723 805725 509643 98218 655 65 35 0 1
20170412 3 6 478359 696398 478358 478360 696397 696399 481789 84370 172 72 23 1 9
20170419 4 6 177625 504935 177624 177626 504934 504936 771435 61134 688 78 86 0 7
20170426 6 6 862723 555518 862722 862724 555517 555519 924298 81444 123 70 28 2 9
20170503 2 6 700265 827314 700264 700266 827313 827315 602125 96947 849 17 70 4 0
20170510 7 5 166664 848461 166663 166665 848460 848462 873475 24834 948 55 51 8 1
20170517 6 3 331013 337031 331012 331014 337030 337032 108829 76579 093 49 45 0 7
20170524 4 3 447496 898268 447495 447497 898267 898269 814589 61034 081 78 26 9 6
20170531 1 3 934766 820799 934765 934767 820798 820800 127354 86239 072 19 44 6 9
20170607 6 2 440881 759227 440880 440882 759226 759228 366861 69173 747 81 53 0 3
20170614 6 5 870804 331572 870803 870805 331571 331573 234790 83575 409 16 73 4 9
20170621 4 5 744735 394317 744734 744736 394316 394318 953125 88778 289 43 04 6 4
20170628 3 7 968113 286251 968112 968114 286250 286252 542614 88168 139 57 52 7 1
20170705 1 7 133009 594682 133008 133010 594681 594683 263371 98405 629 39 80 3 2
20170712 3 6 816489 810638 816488 816490 810637 810639 701892 91069 627 40 22 3 8
20170719 7 7 216815 110831 216814 216816 110830 110832 395107 04216 742 36 10 1 2
20170726 7 5 852577 324258 852576 852578 324257 324259 228481 31525 387 14 86 1 3
20170802 5 7 250400 380647 250399 250401 380646 380648 510983 38916 322 75 05 3 6
20170809 6 7 105457 881253 105456 105458 881252 881254 807279 45416 503 00 06 1 2
20170816 1 7 397191 760766 397190 397192 760765 760767 342326 33908 547 80 99 7 4
20170823 1 2 236570 335908 236569 236571 335907 335909 775654 13180 807 24 07 6 8
20170830 1 4 355720 593060 355719 355721 593059 593061 265740 39528 390 79 19 6 9
20170906 5 2 810618 353277 810617 810619 353276 353278 208066 49621 245 47 07 3 6
20170913 7 1 130415 815298 130414 130416 815297 815299 142530 57652 067 70 21 3 1
20170920 2 7 146142 950966 146141 146143 950965 950967 969019 43628 495 38 86 7 2
20170927 5 1 548014 109486 548013 548015 109485 109487 112216 71652 721 29 70 4 5
20171004 3 5 409160 657420 409159 409161 657419 657421 882579 41834 788 94 90 0 3
20171011 3 4 565986 675113 565985 565987 675112 675114 115486 61731 454 35 85 2 0
20171018 3 6 533570 966141 533569 533571 966140 966142 842259 30378 110 03 53 4 3
20171025 5 7 830387 263734 830386 830388 263733 263735 869327 42990 366 58 28 1 3
20171101 4 6 425515 878775 425514 425516 878774 878776 578249 12250 978 19 64 7 9
20171108 3 4 182628 202859 182627 182629 202858 202860 564191 55556 624 43 08 9 5
20171115 5 4 279426 939002 279425 279427 939001 939003 684052 38238 774 09 11 2 8
20171122 5 3 845864 541536 845863 845865 541535 541537 367400 61396 777 28 85 7 0
20171129 5 3 192607 809601 192606 192608 809600 809602 172850 21193 852 55 45 9 0
20171206 4 4 940385 159580 940384 940386 159579 159581 957765 71038 518 03 80 9 0
20171213 5 2 974476 769658 974475 974477 769657 769659 938484 63569 639 54 08 0 5
20171220 2 5 810489 394227 810488 810490 394226 394228 330200 30610 435 14 92 7 9
20171227 6 5 534043 448122 534042 534044 448121 448123 477621 10013 144 88 53 1 7
20180103 1 6 829747 736816 829746 829748 736815 736817 413562 28111 929 32 52 2 9
20180110 7 6 378038 277016 378037 378039 277015 277017 295483 37697 748 32 19 6 3
20180117 5 2 793874 254521 793873 793875 254520 254522 746377 46026 758 37 66 8 3
20180124 5 5 400376 405388 400375 400377 405387 405389 653712 23473 157 13 81 5 6
20180131 4 5 918380 926305 918379 918381 926304 926306 956019 42970 533 01 00 0 3
20180207 7 6 779641 566427 779640 779642 566426 566428 900972 62393 467 95 08 2 0
20180214 4 1 659796 223458 659795 659797 223457 223459 242568 58782 241 01 56 2 0
20180221 4 6 662653 791983 662652 662654 791982 791984 285449 14766 656 49 84 2 6
20180228 6 5 697794 604503 697793 697795 604502 604504 296973 43214 855 49 07 2 5
20180307 4 4 860758 760866 860757 860759 760865 760867 276934 34182 183 34 91 8 5
20180314 7 2 985921 223260 985920 985922 223259 223261 594810 48720 687 48 59 4 0
20180321 7 5 608075 271426 608074 608076 271425 271427 316356 38237 004 20 30 2 6
20180328 1 3 262433 522895 262432 262434 522894 522896 336603 41527 959 08 20 9 1
20180404 5 6 773162 882071 773161 773163 882070 882072 806962 11860 978 27 59 1 8
20180411 6 2 277262 485280 277261 277263 485279 485281 722917 48126 989 53 35 3 9
20180418 5 5 710496 676175 710495 710497 676174 676176 440835 85168 555 39 10 9 6
20180425 3 1 187119 971804 187118 187120 971803 971805 967715 25287 469 00 23 7 5
20180502 3 5 303778 733021 303777 303779 733020 733022 617722 00738 943 60 04 6 3
20180509 4 2 648348 301731 648347 648349 301730 301732 515984 19110 766 14 91 6 7
20180516 4 7 463232 816807 463231 463233 816806 816808 711790 59019 235 68 56 5 4
20180523 6 3 138392 789644 138391 138393 789643 789645 121766 73963 936 20 94 7 1
20180530 5 3 570224 340966 570223 570225 340965 340967 661856 28232 942 10 96 2 4
20180606 3 1 858180 740063 858179 858181 740062 740064 175272 75122 060 54 50 5 2
20180613 5 4 559980 533974 559979 559981 533973 533975 214558 92195 387 92 19 0 4
20180620 4 3 387549 588649 387548 387550 588648 588650 476381 12587 146 55 38 7 6
20180627 2 4 972606 857473 972605 972607 857472 857474 160362 63439 897 79 38 7 5
20180704 4 4 935959 568291 935958 935960 568290 568292 380622 29055 536 70 88 0 2
20180711 6 6 422453 745718 422452 422454 745717 745719 137739 58760 383 87 04 5 4
20180718 6 4 293554 517997 293553 293555 517996 517998 811119 11106 929 88 60 3 2
20180725 5 6 844385 701111 844384 844386 701110 701112 768993 06543 039 72 24 7 4
20180801 1 4 436141 615908 436140 436142 615907 615909 911844 39181 941 81 87 3 6
20180808 4 5 961772 709507 961771 961773 709506 709508 196854 27739 670 46 89 6 4
20180815 4 5 777245 433189 777244 777246 433188 433190 748647 41862 708 92 64 8 4
20180822 6 3 814568 907678 814567 814569 907677 907679 750742 42010 102 17 00 9 6
20180829 6 7 605662 945297 605661 605663 945296 945298 612377 70247 171 26 60 8 3
20180905 2 6 605184 587183 605183 605185 587182 587184 807929 63108 081 69 06 7 8
20180912 5 7 896894 867906 896893 896895 867905 867907 389454 55666 281 22 32 2 4
20180919 2 1 816931 231264 816930 816932 231263 231265 204343 01533 124 90 87 5 8
20180926 7 3 841185 145308 841184 841186 145307 145309 919599 60244 088 94 15 6 5
20181003 2 5 576720 567922 576719 576721 567921 567923 998898 19423 124 06 26 6 5
20181010 5 2 703667 917997 703666 703668 917996 917998 671652 65062 808 57 54 0 6
20181017 4 2 860378 513119 860377 860379 513118 513120 162168 99986 258 10 86 7 0
20181024 3 4 858629 145736 858628 858630 145735 145737 323010 91871 275 26 79 1 0
20181031 5 2 624558 948991 624557 624559 948990 948992 224401 44931 439 24 56 6 8
20181107 4 7 965131 158230 965130 965132 158229 158231 688994 86113 397 41 00 3 5
20181114 7 2 255248 123325 255247 255249 123324 123326 239854 55962 593 99 19 0 3
20181121 6 6 943348 612003 943347 943349 612002 612004 293646 32744 811 06 04 7 4
20181128 4 2 782559 796669 782558 782560 796668 796670 814889 02878 544 95 61 3 0
20181205 1 2 810653 608421 810652 810654 608420 608422 360193 66953 891 19 63 3 5
20181212 5 7 650716 102251 650715 650717 102250 102252 930772 47865 152 21 77 4 3
20181219 4 5 721857 436597 721856 721858 436596 436598 611594 45775 871 90 77 8 7
20181226 7 4 458309 399287 458308 458310 399286 399288 246434 44179 891 10 17 5 2
20190102 2 7 338707 519204 338706 338708 519203 519205 614895 93233 772 80 35 7 4
20190109 3 5 212256 911216 212255 212257 911215 911217 740136 24752 948 70 35 0 7
20190116 3 3 700925 978550 700924 700926 978549 978551 592527 50541 345 76 10 3 5
20190123 3 2 984259 787232 984258 984260 787231 787233 788601 83758 954 62 27 7 3
20190130 6 7 340212 358203 340211 340213 358202 358204 164250 33332 417 84 27 4 0
20190206 4 2 332891 923718 332890 332892 923717 923719 858626 92607 103 48 92 0 8
20190213 7 2 208281 690505 208280 208282 690504 690506 869816 90136 861 23 00 7 8
20190220 2 4 239652 256843 239651 239653 256842 256844 419126 44117 203 91 94 6 1
20190227 5 4 367647 369948 367646 367648 369947 369949 436032 39042 114 80 11 5 8
20190306 5 5 388967 723400 388966 388968 723399 723401 303034 92646 395 55 75 7 1
20190313 6 6 787675 789664 787674 787676 789663 789665 819611 22798 433 48 36 7 6
20190320 3 5 410258 289025 410257 410259 289024 289026 254952 43638 051 47 01 1 2
20190327 4 5 340564 684698 340563 340565 684697 684699 746797 14362 243 08 18 0 5
20190403 5 2 694747 429181 694746 694748 429180 429182 525866 32196 206 80 88 9 2
20190410 1 4 127262 349149 127261 127263 349148 349150 135873 02428 508 68 12 4 5
20190417 2 4 804207 444621 804206 804208 444620 444622 803135 24125 650 46 22 6 7
20190424 1 2 354161 925719 354160 354162 925718 925720 777047 76585 446 34 10 2 3
20190501 4 6 593218 928642 593217 593219 928641 928643 317547 57863 179 88 31 2 6
20190508 6 5 340169 459990 340168 340170 459989 459991 629523 08289 482 16 04 7 6
20190515 7 1 221002 643204 221001 221003 643203 643205 587619 10891 740 60 92 7 5
20190522 3 2 771680 291002 771679 771681 291001 291003 226747 50949 697 05 81 9 8
20190529 1 4 889885 317096 889884 889886 317095 317097 409448 79174 043 33 20 3 8
20190605 4 4 330040 180851 330039 330041 180850 180852 270432 43039 305 06 82 3 7
20190612 1 1 203870 355627 203869 203871 355626 355628 145822 58015 496 12 26 9 2
20190619 3 4 466000 185551 465999 466001 185550 185552 310200 70174 526 07 90 1 4
20190626 2 4 488219 907632 488218 488220 907631 907633 497802 95100 605 57 85 0 6
20190703 5 6 907538 593911 907537 907539 593910 593912 726924 43206 267 98 92 6 9
20190710 4 7 920686 198668 920685 920687 198667 198669 140879 32938 491 86 25 8 7
20190717 4 4 873355 529997 873354 873356 529996 529998 693427 46447 679 07 79 0 2
20190724 6 2 470223 981533 470222 470224 981532 981534 117541 45964 018 17 77 8 4
20190731 6 5 401158 154785 401157 401159 154784 154786 191280 04230 981 14 73 7 6
20190807 4 5 279217 185957 279216 279218 185956 185958 292860 94476 450 12 16 6 5
20190814 6 1 886447 336233 886446 886448 336232 336234 583758 42336 924 14 42 8 7
20190821 5 7 611657 578312 611656 611658 578311 578313 742046 96479 564 53 36 3 5
20190828 6 4 354721 784922 354720 354722 784921 784923 981875 60505 225 62 99 6 2
20190904 4 3 694334 127731 694333 694335 127730 127732 435908 31079 698 96 56 6 9
20190911 5 2 571773 898822 571772 571774 898821 898823 108843 27075 963 02 33 9 5
20190918 3 4 740133 617107 740132 740134 617106 617108 557993 37262 939 40 45 3 5
20190925 6 6 682504 377914 682503 682505 377913 377915 260381 16095 892 75 46 2 8
20191002 5 4 745320 687065 745319 745321 687064 687066 113888 71628 094 11 03 3 7
20191009 6 1 529953 959289 529952 529954 959288 959290 789791 88859 821 78 36 0 4
20191016 4 4 911932 482112 911931 911933 482111 482113 293398 97574 422 24 03 2 7
20191023 3 2 328835 741252 328834 328836 741251 741253 373945 90434 483 38 64 2 1
20191030 5 6 153997 639268 153996 153998 639267 639269 457884 68293 931 54 01 3 8
20191106 2 3 247131 995891 247130 247132 995890 995892 745214 66410 944 32 76 6 7
20191113 7 5 288428 240482 288427 288429 240481 240483 837884 67091 603 01 76 0 3
20191120 4 3 359821 892552 359820 359822 892551 892553 953529 96719 811 95 62 0 5
20191127 1 4 830634 577154 830633 830635 577153 577155 284444 01428 842 50 94 5 2
20191204 1 6 340550 452652 340549 340551 452651 452653 643748 51744 499 95 40 9 4
20191211 1 3 248229 778757 248228 248230 778756 778758 646721 19482 693 43 10 7 9
20191218 1 4 426796 296464 426795 426797 296463 296465 415783 88444 212 26 20 3 7
20191225 2 3 642712 169651 642711 642713 169650 169652 945526 57944 111 48 36 4 2
20200101 5 4 496004 140966 496003 496005 140965 140967 846934 57010 211 59 93 8 3
20200108 6 6 946769 810317 946768 946770 810316 810318 780948 53696 217 67 25 0 9
20200115 3 3 628242 849365 628241 628243 849364 849366 351693 94140 149 15 56 1 3
20200122 3 6 736922 692792 736921 736923 692791 692793 623336 01529 808 66 76 0 2
20200129 1 5 558724 840039 558723 558725 840038 840040 331320 31422 188 32 07 0 6
20200205 4 4 279609 164599 279608 279610 164598 164600 493914 35469 801 48 13 0 1
20200212 3 2 324789 866347 324788 324790 866346 866348 759217 89731 963 43 97 6 0
20200219 1 5 554716 652818 554715 554717 652817 652819 203235 90336 436 60 24 6 4
20200226 3 6 698902 906217 698901 698903 906216 906218 502628 33954 155 47 01 0 9
20200304 5 2 843082 153319 843081 843083 153318 153320 907194 17317 520 30 71 3 1
20200311 4 3 303104 855721 303103 303105 855720 855722 706761 16064 355 01 78 1 0
20200318 3 2 177442 586876 177441 177443 586875 586877 871089 78181 078 76 32 8 1
20200325 5 5 249909 760324 249908 249910 760323 760325 582961 37629 284 94 36 9 0
20200401 5 7 977997 834876 977996 977998 834875 834877 882859 92052 606 39 94 4 0
20200408 7 3 369379 367452 369378 369380 367451 367453 342502 72115 960 53 74 9 4
20200415 2 5 895647 995754 895646 895648 995753 995755 931959 26710 455 32 96 7 0
20200422 1 5 298900 485903 298899 298901 485902 485904 379873 11429 984 07 40 2 7
20200429 4 5 245586 554711 245585 245587 554710 554712 317156 15370 503 40 94 0 7

20200507 4 162132 278239
20200514 2 450558 154457
20200521 4 544955 059369
20200528 4 124420 221097
20200604 4 754655 190779
20200611 5 193202 206460
20200618 2 597093 482595
20200625 4 234058 548682
20200702 3 133510 213240
20200709 2 770173 064263
20200716 1 867654 485530
20200723 5 076676 611004
20200730 1 669245 880089
20200806 3 432496 451009
20200813 4 477238 146282
20200820 4 664056 657985
20200827 3 317227 031708
20200903 1 562222 881980