 31708 1
 59369 1
 64263 1
 76676 1
100632 1
100652 1
100653 1
100654 1
102250 1
102251 1
102252 1
105456 1
105457 1
105458 1
105787 1
105788 1
105789 1
107136 1
107137 1
107138 1
107251 1
107252 1
107253 1
107805 1
107806 1
107807 1
108829 1
108843 1
109485 1
109486 1
109487 1
110830 1
110831 1
110832 1
111833 1
111834 1
111835 1
112216 1
112244 1
112245 1
112246 1
113888 1
114977 1
114978 1
114979 1
115305 1
115306 1
115307 1
115486 1
116631 1
116632 1
116633 1
117541 1
118530 1
118531 1
118532 1
118936 1
118937 1
118938 1
121766 1
122594 1
122595 1
122596 1
123324 1
123325 1
123326 1
124059 1
124060 1
124061 1
124420 1
124559 1
124560 1
124561 1
124997 1
124998 1
124999 1
125693 1
125694 1
125695 1
127261 1
127262 1
127263 1
127354 1
127730 1
127731 1
127732 1
128004 1
128236 1
128237 1
128238 1
128464 1
128465 1
128466 1
128770 1
130414 1
130415 1
130416 1
131661 1
131662 1
131663 1
131729 1
131730 1
131731 1
132776 1
133008 1
133009 1
133010 1
133510 1
133892 1
135157 1
135158 1
135159 1
135773 1
135774 1
135775 1
135780 1
135781 1
135782 1
135873 1
136194 1
136195 1
136196 1
137739 1
138391 1
138392 1
138393 1
139067 1
139068 1
139069 1
139729 1
140568 1
140569 1
140570 1
140879 1
140965 1
140966 1
140967 1
141105 1
142530 1
142961 1
143933 1
143934 1
143935 1
143980 1
144421 1
144422 1
144423 1
144475 1
145307 1
145308 1
145309 1
145735 1
145736 1
145737 1
145822 1
146141 1
146142 1
146143 1
146282 1
147229 1
147230 1
147231 1
150925 1
150926 1
150927 1
151383 1
151384 1
151385 1
152874 1
152875 1
152876 1
153318 1
153319 1
153320 1
153996 1
153997 1
153998 1
154277 1
154278 1
154279 1
154457 1
154784 1
154785 1
154786 1
155231 1
155232 1
155233 1
155597 1
155598 1
155599 1
156786 1
157533 1
157534 1
157535 1
157908 1
157909 1
157910 1
158125 1
158126 1
158127 1
158229 1
158230 1
158231 1
158676 1
158677 1
158678 1
159579 1
159580 1
159581 1
160051 1
160362 1
162132 1
162168 1
163921 1
163922 1
163923 1
164211 1
164212 1
164213 1
164250 1
164598 1
164599 1
164600 1
165863 1
165864 1
165865 1
166040 1
166041 1
166042 1
166119 1
166478 1
166479 1
166480 1
166663 1
166664 1
166665 1
168238 1
168239 1
168240 1
168939 1
168940 1
168941 1
169124 1
169650 1
169651 1
169652 1
169852 1
169853 1
169854 1
170490 1
172850 1
172875 1
173374 1
173375 1
173376 1
173886 1
173887 1
173888 1
174216 1
174217 1
174218 1
174319 1
174320 1
174321 1
175118 1
175272 1
177267 1
177441 1
177442 1
177443 1
177624 1
177625 1
177626 1
178123 1
178124 1
178125 1
179723 1
179724 1
179725 1
179785 1
179786 1
179787 1
180205 1
180850 1
180851 1
180852 1
182082 1
182083 1
182084 1
182627 1
182628 1
182629 1
182678 1
182852 1
182853 1
182854 1
185550 1
185551 1
185552 1
185956 1
185957 1
185958 1
186603 1
186842 1
186843 1
186844 1
187118 1
187119 1
187120 1
187207 1
187208 1
187209 1
187707 1
187708 1
187709 1
190474 1
190475 1
190476 1
190779 1
191280 1
192606 1
192607 1
192608 1
193202 1
195684 1
195685 1
195686 1
196122 1
196123 1
196124 1
196854 1
197111 1
197112 1
197113 1
197227 1
198254 1
198255 1
198256 1
198667 1
198668 1
198669 1
198847 1
199916 1
199917 1
199918 1
201332 1
201639 1
201640 1
201641 1
202858 1
202859 1
202860 1
202873 1
202874 1
202875 1
203004 1
203235 1
203404 1
203405 1
203406 1
203869 1
203870 1
203871 1
204343 1
205427 1
205428 1
205429 1
205613 1
205614 1
205615 1
206460 1
206891 1
206892 1
206893 1
208042 1
208043 1
208044 1
208066 1
208280 1
208281 1
208282 1
211287 1
211337 1
211338 1
211339 1
211798 1
211799 1
211800 1
212255 1
212256 1
212257 1
212915 1
212916 1
212917 1
213240 1
213256 1
213257 1
213258 1
213294 1
213295 1
213296 1
214558 1
216455 1
216716 1
216814 1
216815 1
216816 1
217492 1
217633 1
217634 1
217635 1
218502 1
218503 1
218504 1
220308 1
220309 1
220310 1
220733 1
220734 1
220735 1
221001 1
221002 1
221003 1
221097 1
221646 1
221647 1
221648 1
221652 1
222022 1
222023 1
222024 1
222054 1
222055 1
222056 1
223259 1
223260 1
223261 1
223457 1
223458 1
223459 1
224401 1
225268 1
225269 1
225270 1
225521 1
225522 1
225523 1
225757 1
226453 1
226747 1
227261 1
227728 1
227729 1
227730 1
228246 1
228247 1
228248 1
228481 1
228519 1
228520 1
228521 1
229330 1
229331 1
229332 1
230968 1
230969 1
230970 1
231022 1
231023 1
231024 1
231088 1
231263 1
231264 1
231265 1
232282 1
232283 1
232284 1
232431 1
232432 1
232433 1
234058 1
234790 1
235236 1
235237 1
235238 1
236569 1
236570 1
236571 1
238834 1
239651 1
239652 1
239653 1
239854 1
239867 1
239868 1
239869 1
240030 1
240481 1
240482 1
240483 1
242568 1
242777 1
242778 1
242779 1
243998 1
243999 1
244000 1
245585 1
245586 1
245587 1
245773 1
245774 1
245775 1
246434 1
246950 1
247130 1
247131 1
247132 1
247201 1
247202 1
247203 1
248228 1
248229 1
248230 1
249908 1
249909 1
249910 1
250116 1
250155 1
250156 1
250157 1
250399 1
250400 1
250401 1
250626 1
250627 1
250628 1
252460 1
252461 1
252462 1
254520 1
254521 1
254522 1
254952 1
255247 1
255248 1
255249 1
256595 1
256596 1
256597 1
256842 1
256843 1
256844 1
258412 1
258413 1
258414 1
258648 1
260381 1
260870 1
261247 1
261954 1
261955 1
261956 1
262432 1
262433 1
262434 1
263371 1
263655 1
263656 1
263657 1
263679 1
263680 1
263681 1
263733 1
263734 1
263735 1
265740 1
265950 1
265951 1
265952 1
267301 1
268013 1
268014 1
268015 1
269119 1
269120 1
269121 1
269630 1
269631 1
269632 1
270432 1
271425 1
271426 1
271427 1
271734 1
271735 1
271736 1
272697 1
272698 1
272699 1
272886 1
274786 1
276654 1
276668 1
276934 1
277015 1
277016 1
277017 1
277261 1
277262 1
277263 1
277477 1
277687 1
277688 1
277689 1
278239 1
279031 1
279216 1
279217 1
279218 1
279425 1
279426 1
279427 1
279608 1
279609 1
279610 1
282432 1
282433 1
282434 1
283050 1
284444 1
284967 1
284968 1
284969 1
285449 1
286250 1
286251 1
286252 1
286478 1
286479 1
286480 1
287691 1
287854 1
287855 1
287856 1
287939 1
287940 1
287941 1
288427 1
288428 1
288429 1
289024 1
289025 1
289026 1
289157 1
289158 1
289159 1
290018 1
290473 1
291001 1
291002 1
291003 1
291848 1
291849 1
291850 1
292860 1
293398 1
293553 1
293554 1
293555 1
293646 1
295214 1
295215 1
295216 1
295483 1
296328 1
296329 1
296330 1
296463 1
296464 1
296465 1
296761 1
296762 1
296763 1
296973 1
297082 1
298148 1
298149 1
298150 1
298624 1
298625 1
298626 1
298716 1
298717 1
298718 1
298899 1
298900 1
298901 1
300168 1
301730 1
301731 1
301732 1
302029 1
302030 1
302031 1
302328 1
302329 1
302330 1
303034 1
303103 1
303104 1
303105 1
303665 1
303666 1
303667 1
303777 1
303778 1
303779 1
304988 1
304989 1
304990 1
305163 1
305164 1
305165 1
305475 1
305476 1
305477 1
308076 1
308077 1
308078 1
308162 1
309634 1
310200 1
310357 1
310358 1
310359 1
311285 1
311286 1
311287 1
311617 1
311618 1
311619 1
311990 1
311991 1
311992 1
313068 1
313069 1
313070 1
313474 1
313475 1
313476 1
313612 1
313613 1
313614 1
314359 1
314436 1
314437 1
314438 1
314768 1
314965 1
314966 1
314967 1
315152 1
315153 1
315154 1
316253 1
316341 1
316342 1
316343 1
316356 1
316776 1
316777 1
316778 1
316886 1
317095 1
317096 1
317097 1
317156 1
317169 1
317170 1
317171 1
317227 1
317547 1
317786 1
317787 1
317788 1
318201 1
320001 1
320362 1
320363 1
320364 1
321005 1
321006 1
321007 1
322235 1
322236 1
322237 1
323010 1
323746 1
323747 1
323748 1
324257 1
324258 1
324259 1
324788 1
324789 1
324790 1
325751 1
325752 1
325753 1
326719 1
328834 1
328835 1
328836 1
330039 1
330040 1
330041 1
330072 1
330073 1
330074 1
330200 1
331012 1
331013 1
331014 1
331320 1
331571 1
331572 1
331573 1
332890 1
332891 1
332892 1
334632 1
335907 1
335908 1
335909 1
336232 1
336233 1
336234 1
336343 1
336603 1
336814 1
336815 1
336816 1
337030 1
337031 1
337032 1
338041 1
338706 1
338707 1
338708 1
340168 1
340169 1
340170 1
340211 1
340212 1
340213 1
340549 1
340550 1
340551 1
340563 1
340564 1
340565 1
340835 1
340965 1
340966 1
340967 1
341645 1
341646 1
341647 1
342326 1
342502 1
343381 1
343382 1
343383 1
344920 1
345996 1
345997 1
345998 1
347158 1
347159 1
347160 1
347505 1
347667 1
347668 1
347669 1
348711 1
349127 1
349128 1
349129 1
349148 1
349149 1
349150 1
350201 1
350693 1
351599 1
351600 1
351601 1
351693 1
352491 1
352492 1
352493 1
353276 1
353277 1
353278 1
353457 1
353918 1
353919 1
353920 1
354160 1
354161 1
354162 1
354544 1
354545 1
354546 1
354720 1
354721 1
354722 1
355626 1
355627 1
355628 1
355719 1
355720 1
355721 1
356589 1
356590 1
356591 1
358202 1
358203 1
358204 1
359645 1
359646 1
359647 1
359820 1
359821 1
359822 1
360048 1
360049 1
360050 1
360193 1
363108 1
363109 1
363110 1
364568 1
364783 1
364784 1
364785 1
365362 1
366861 1
367400 1
367451 1
367452 1
367453 1
367588 1
367589 1
367590 1
367646 1
367647 1
367648 1
368303 1
368304 1
368305 1
368553 1
369378 1
369379 1
369380 1
369930 1
369931 1
369932 1
369947 1
369948 1
369949 1
371767 1
371768 1
371769 1
371837 1
372104 1
372549 1
372550 1
372551 1
373328 1
373329 1
373330 1
373865 1
373945 1
374019 1
374020 1
374021 1
374102 1
374678 1
375222 1
375223 1
375224 1
377346 1
377913 1
377914 1
377915 1
377955 1
378037 1
378038 1
378039 1
379716 1
379717 1
379718 1
379873 1
380275 1
380276 1
380277 1
380622 1
380646 1
380647 1
380648 1
385750 1
385751 1
385752 1
386103 1
386104 1
386105 1
386738 1
386739 1
386740 1
386741 1
386742 1
386743 1
387548 1
387549 1
387550 1
387867 1
387868 1
387869 1
388407 1
388408 1
388409 1
388804 1
388922 1
388923 1
388924 1
388966 1
388967 1
388968 1
389454 1
389752 1
389753 1
389754 1
389931 1
389932 1
389933 1
390299 1
390300 1
390301 1
390340 1
390341 1
390342 1
392278 1
392279 1
392280 1
392430 1
392431 1
392432 1
393560 1
393561 1
393562 1
394226 1
394227 1
394228 1
394316 1
394317 1
394318 1
394400 1
394401 1
394402 1
394778 1
394779 1
394780 1
395107 1
396072 1
396073 1
396074 1
396504 1
397190 1
397191 1
397192 1
397727 1
397728 1
397729 1
399286 1
399287 1
399288 1
400215 1
400216 1
400217 1
400375 1
400376 1
400377 1
401157 1
401158 1
401159 1
402194 1
402195 1
402196 1
404401 1
404402 1
404403 1
404785 1
404786 1
404787 1
405387 1
405388 1
405389 1
405841 1
405842 1
405843 1
406354 1
406355 1
406356 1
407689 1
407690 1
407691 1
409159 1
409160 1
409161 1
409448 1
409744 1
409875 1
409876 1
409877 1
410058 1
410059 1
410060 1
410257 1
410258 1
410259 1
410751 1
410752 1
410753 1
412877 1
412878 1
412879 1
413562 1
414861 1
415783 1
418649 1
419126 1
422452 1
422453 1
422454 1
422617 1
422720 1
422721 1
422722 1
422792 1
422793 1
422794 1
423156 1
423157 1
423158 1
423510 1
423611 1
423612 1
423613 1
423872 1
423873 1
423874 1
423902 1
424218 1
424219 1
424220 1
425514 1
425515 1
425516 1
426403 1
426795 1
426796 1
426797 1
429180 1
429181 1
429182 1
429321 1
429322 1
429323 1
430003 1
430004 1
430005 1
430501 1
430502 1
430503 1
430832 1
430833 1
430834 1
432238 1
432239 1
432240 1
432496 1
432749 1
433000 1
433188 1
433189 1
433190 1
433873 1
433874 1
433875 1
434051 1
435908 1
436032 1
436140 1
436141 1
436142 1
436596 1
436597 1
436598 1
437016 1
437316 1
437317 1
437318 1
438799 1
438800 1
438801 1
440563 1
440820 1
440821 1
440822 1
440835 1
440880 1
440881 1
440882 1
441245 1
441981 1
443694 1
443695 1
443696 1
443697 1
443698 1
443699 1
443723 1
444620 1
444621 1
444622 1
444978 1
444979 1
444980 1
445754 1
447046 1
447047 1
447048 1
447495 1
447496 1
447497 1
448121 1
448122 1
448123 1
448686 1
448687 1
448688 1
448750 1
448751 1
448752 1
449617 1
449618 1
449619 1
449951 1
449952 1
449953 1
450305 1
450306 1
450307 1
450558 1
451009 1
452651 1
452652 1
452653 1
453105 1
453106 1
453107 1
454200 1
454201 1
454202 1
457512 1
457513 1
457514 1
457555 1
457556 1
457557 1
457884 1
458222 1
458223 1
458224 1
458308 1
458309 1
458310 1
458465 1
459543 1
459544 1
459545 1
459983 1
459989 1
459990 1
459991 1
461830 1
461831 1
461832 1
462454 1
462455 1
462456 1
462770 1
462771 1
462772 1
463231 1
463232 1
463233 1
463569 1
463570 1
463571 1
463676 1
463677 1
463678 1
464816 1
464817 1
464818 1
465268 1
465269 1
465270 1
465634 1
465999 1
466000 1
466001 1
466865 1
466866 1
466867 1
468484 1
469006 1
470222 1
470223 1
470224 1
472017 1
472018 1
472019 1
475661 1
475880 1
475881 1
475882 1
476109 1
476110 1
476111 1
476244 1
476381 1
476461 1
476462 1
476463 1
477238 1
477621 1
477700 1
477701 1
477702 1
478358 1
478359 1
478360 1
478765 1
478766 1
478767 1
478838 1
478839 1
478840 1
479122 1
479123 1
479124 1
479790 1
479791 1
479792 1
481456 1
481789 1
482111 1
482112 1
482113 1
482595 1
482681 1
482815 1
482816 1
482817 1
482851 1
483960 1
483961 1
483962 1
485279 1
485280 1
485281 1
485530 1
485543 1
485544 1
485545 1
485902 1
485903 1
485904 1
486373 1
486374 1
486375 1
487933 1
487934 1
487935 1
488218 1
488219 1
488220 1
488660 1
488661 1
488662 1
489836 1
490409 1
491177 1
491178 1
491179 1
491192 1
491193 1
491194 1
491296 1
492792 1
492793 1
492794 1
493073 1
493074 1
493075 2
493914 1
494194 1
494195 1
494196 1
496003 1
496004 1
496005 1
496076 1
496077 1
496078 1
496177 1
496178 1
496179 1
496580 1
496829 1
496830 2
496831 1
496925 1
496926 1
496927 1
497745 1
497746 1
497747 1
497802 1
498595 1
498596 1
498597 1
499254 1
499704 1
499705 1
499706 1
500265 1
500601 1
500602 1
500603 1
500663 1
500664 1
500665 1
501498 1
501499 1
501500 1
502148 1
502628 1
503055 1
503231 1
503880 1
503881 1
503882 1
504191 1
504242 1
504243 1
504244 1
504934 1
504935 1
504936 1
506083 1
506084 1
506085 1
509591 1
509592 1
509593 1
509643 1
510911 1
510983 1
511277 1
511278 1
511279 1
511554 1
511555 1
511556 1
512198 1
513118 1
513119 1
513120 1
514098 1
514099 1
514100 1
514225 1
514226 1
514227 1
515984 1
517796 1
517797 1
517798 1
517996 1
517997 1
517998 1
519203 1
519204 1
519205 1
521100 1
522589 1
522590 1
522591 1
522894 1
522895 1
522896 1
522925 1
523410 1
523411 1
523412 1
524717 1
524718 1
524719 1
525410 1
525866 1
526007 1
526008 1
526009 1
526023 1
526024 1
526025 1
526172 1
527586 1
528857 1
528858 1
528859 1
529952 1
529953 1
529954 1
529996 1
529997 1
529998 1
530439 1
530440 1
530441 1
530561 1
530562 1
530563 1
533569 1
533570 1
533571 1
533973 1
533974 1
533975 1
534042 1
534043 1
534044 1
535594 1
538720 1
541116 1
541401 1
541402 1
541403 1
541535 1
541536 1
541537 1
541676 1
541677 1
541678 1
542614 1
544204 1
544955 1
545650 1
545651 1
545652 1
545931 1
545932 1
545933 1
546780 1
547139 1
548013 1
548014 1
548015 1
548639 1
548682 1
549703 1
549704 1
549705 1
550207 1
550500 1
550501 1
550502 1
550745 1
551461 1
551462 1
551463 1
552332 1
553705 1
553706 1
553707 1
554087 1
554710 1
554711 1
554712 1
554715 1
554716 1
554717 1
554949 1
554996 1
554997 1
554998 1
555517 1
555518 1
555519 1
555867 1
555868 1
555869 1
556504 1
556505 1
556506 1
557993 1
558003 1
558004 1
558005 1
558723 1
558724 1
558725 1
559747 1
559979 1
559980 1
559981 1
561977 1
561978 1
561979 1
562222 1
563465 1
563466 1
563467 1
563639 1
563640 1
563641 1
563699 1
564190 1
564191 2
564192 1
564666 1
565084 1
565721 1
565722 1
565723 1
565985 1
565986 1
565987 1
566216 1
566217 1
566218 1
566426 1
566427 1
566428 1
566974 1
566975 1
566976 1
567328 1
567329 1
567330 1
567921 1
567922 1
567923 1
568290 1
568291 1
568292 1
569573 1
569574 1
569575 1
570223 1
570224 1
570225 1
570451 1
570452 1
570453 1
571051 1
571052 1
571053 1
571684 1
571772 1
571773 1
571774 1
573681 1
573682 1
573683 1
575092 1
575093 1
575094 1
575825 1
575826 1
575827 1
576258 1
576719 1
576720 1
576721 1
577153 1
577154 1
577155 1
577360 1
577371 1
577372 1
577373 1
578249 1
578311 1
578312 1
578313 1
579206 1
579207 1
579208 1
581118 1
581119 1
581120 1
581600 1
581601 1
581602 1
581679 1
582376 1
582377 1
582378 1
582660 1
582661 1
582662 1
582961 1
583611 1
583612 1
583613 1
583675 1
583676 1
583677 1
583701 1
583702 1
583703 1
583758 1
584088 1
584089 1
584090 1
584106 1
585536 1
585537 1
585538 1
585705 1
585706 1
585707 1
586106 1
586146 1
586875 1
586876 1
586877 1
587053 1
587087 1
587088 1
587089 1
587182 1
587183 1
587184 1
587619 1
588648 1
588649 1
588650 1
588898 1
588899 1
588900 1
591863 1
592527 1
593059 1
593060 1
593061 1
593217 1
593218 1
593219 1
593802 1
593803 1
593804 1
593884 1
593910 1
593911 1
593912 1
594681 1
594682 1
594683 1
594713 1
594714 1
594715 1
594810 1
594943 1
594944 1
594945 1
597093 1
597174 1
597175 1
597176 1
598111 1
598693 1
599093 1
599094 1
599095 1
599677 1
599678 1
599679 1
600535 1
600536 1
600537 1
601087 1
601088 1
601089 1
601585 1
601586 1
601587 1
601741 1
601742 1
601743 1
602125 1
604502 1
604503 1
604504 1
604627 1
604628 1
604629 1
605183 1
605184 1
605185 1
605661 1
605662 1
605663 1
606021 1
606022 1
606023 1
608074 1
608075 1
608076 1
608163 1
608164 1
608165 1
608420 1
608421 1
608422 1
608963 1
608964 1
608965 1
609210 1
609211 1
609212 1
610621 1
610622 1
610623 1
610884 1
611004 1
611594 1
611656 1
611657 1
611658 1
611800 1
611801 1
611802 1
612002 1
612003 1
612004 1
612377 1
612927 1
612928 1
612929 1
614786 1
614787 1
614788 1
614847 1
614895 1
615742 1
615907 1
615908 1
615909 1
617106 1
617107 1
617108 1
617314 1
617722 1
617998 1
617999 1
618000 1
619264 1
619265 1
619266 1
619563 1
619564 1
619565 1
621270 1
621545 1
621906 1
623336 1
623362 1
623691 1
624557 1
624558 1
624559 1
624853 1
624854 1
624855 1
625224 1
625225 1
625226 1
628052 1
628053 1
628054 1
628241 1
628242 1
628243 1
629523 1
630670 1
631388 1
631389 1
631390 1
631828 1
631829 1
631830 1
638223 1
638281 1
639267 1
639268 1
639269 1
641343 1
641344 1
641345 1
642711 1
642712 1
642713 1
643203 1
643204 1
643205 1
643748 1
644237 1
645137 1
645503 1
645504 1
645505 1
645600 1
645601 1
645602 1
645803 1
645804 1
645805 1
646721 1
647957 1
648347 1
648348 1
648349 1
648590 1
648591 1
648592 1
649264 1
649265 1
649266 1
649469 1
649470 1
649471 1
649919 1
649920 1
649921 1
650134 1
650135 1
650136 1
650222 1
650715 1
650716 1
650717 1
651001 1
651093 1
651365 1
651366 1
651367 1
652526 1
652817 1
652818 1
652819 1
653678 1
653712 1
654816 1
657419 1
657420 1
657421 1
657985 1
658108 1
658109 1
658110 1
658724 1
658725 1
658726 1
659795 1
659796 1
659797 1
659884 1
659912 1
659913 1
659914 1
660106 1
660458 1
660459 1
660460 1
660702 1
660703 1
660704 1
661460 1
661772 1
661856 1
662652 1
662653 1
662654 1
664056 1
665048 1
665049 1
665050 1
667953 1
667954 1
667955 1
669245 1
669728 1
670570 1
670571 1
670572 1
670657 1
670658 1
670659 1
671466 1
671467 1
671468 1
671652 1
671847 1
672302 1
672303 1
672304 1
672662 1
672663 1
672664 1
675112 1
675113 1
675114 1
675258 1
676174 1
676175 1
676176 1
677611 1
677612 1
677613 1
679927 1
681891 1
681892 1
681893 1
682265 1
682266 1
682267 1
682272 1
682503 1
682504 1
682505 1
683359 1
683633 1
683634 1
683635 1
683828 1
683829 1
683830 1
684052 1
684697 1
684698 1
684699 1
685060 1
686424 1
686509 1
687064 1
687065 1
687066 1
688105 1
688106 1
688107 1
688994 1
689485 1
689486 1
689487 1
690194 1
690195 1
690196 1
690504 1
690505 1
690506 1
690795 1
690796 1
690797 1
690801 1
692250 1
692251 1
692252 1
692791 1
692792 1
692793 1
693427 1
694333 1
694334 1
694335 1
694746 1
694747 1
694748 1
695742 1
695743 1
695744 1
696397 1
696398 1
696399 1
697146 1
697440 1
697777 1
697778 1
697779 1
697793 1
697794 1
697795 1
697872 1
697873 1
697874 1
698901 1
698902 1
698903 1
699038 1
699039 1
699040 1
699401 1
700264 1
700265 1
700266 1
700528 1
700924 1
700925 1
700926 1
701110 1
701111 1
701112 1
701355 1
701356 1
701357 1
701407 1
701408 1
701409 1
701796 1
701892 1
702024 1
702025 1
702026 1
702247 1
702248 1
702249 1
703666 1
703667 1
703668 1
703683 1
703697 1
703698 1
703699 1
706488 1
706489 1
706490 1
706761 1
707058 1
707059 1
707060 1
707301 1
708957 1
709506 1
709507 1
709508 1
710081 1
710082 1
710083 1
710154 1
710155 1
710156 1
710495 1
710496 1
710497 1
710613 1
711790 1
712156 1
712157 1
712158 1
712187 1
712188 1
712189 1
713273 1
713274 1
713275 1
713668 1
718336 1
718337 1
718338 1
721081 1
721082 1
721083 1
721856 1
721857 1
721858 1
722073 1
722717 1
722718 1
722719 1
722917 1
723282 1
723399 1
723400 1
723401 1
724171 1
724172 1
724173 1
724333 1
724522 1
724523 1
724524 1
725323 1
725668 1
726338 1
726339 1
726340 1
726924 1
728346 1
728675 1
729440 1
729441 1
729442 1
730719 1
732177 1
732178 1
732179 1
732863 1
732864 1
732865 1
733020 1
733021 1
733022 1
734426 1
734427 1
734428 1
735469 1
735470 1
735471 1
735691 1
735692 1
735693 1
736815 1
736816 1
736817 1
736921 1
736922 1
736923 1
738716 1
738717 1
738718 1
738949 1
738950 1
738951 1
739363 1
739364 1
739365 1
739685 1
739686 1
739687 1
740062 1
740063 1
740064 1
740132 1
740133 1
740134 1
740136 1
741251 1
741252 1
741253 1
741394 1
741395 1
741396 1
742046 1
742605 1
743181 1
743182 1
743183 1
743409 1
743410 1
743411 1
744513 1
744734 1
744735 1
744736 1
744831 1
744832 1
744833 1
745214 1
745319 1
745320 1
745321 1
745717 1
745718 1
745719 1
746275 1
746276 1
746277 1
746377 1
746797 1
747018 1
747019 1
747020 1
747607 1
747608 1
747609 1
748647 1
749775 1
750415 1
750416 1
750417 1
750742 1
751003 1
751004 1
751005 1
753226 1
753227 1
753228 1
754655 1
755275 1
755276 1
755277 1
755621 1
755622 1
755623 1
759176 1
759177 1
759178 1
759217 1
759226 1
759227 1
759228 1
759872 1
759873 1
759874 1
760323 1
760324 1
760325 1
760765 1
760766 1
760767 1
760865 1
760866 1
760867 1
762623 1
762624 1
762625 1
762803 1
762804 1
762805 1
763834 1
763835 1
763836 1
767128 1
768986 1
768993 1
769439 1
769657 1
769658 1
769659 1
769932 1
769933 1
769934 1
770018 1
770019 1
770020 1
770173 1
770580 1
771435 1
771679 1
771680 1
771681 1
773161 1
773162 1
773163 1
775654 1
775794 1
775795 1
775796 1
776705 1
776706 1
776707 1
777047 1
777244 1
777245 1
777246 1
778166 1
778312 1
778313 1
778314 1
778378 1
778379 1
778380 1
778756 1
778757 1
778758 1
778901 1
778954 1
778955 1
778956 1
779640 1
779641 1
779642 1
780024 1
780820 1
780821 1
780822 1
780948 1
782507 1
782558 1
782559 1
782560 1
782628 1
782629 1
782630 1
782849 1
782850 1
782851 1
783035 1
783036 1
783037 1
783772 1
783858 1
784921 1
784922 1
784923 1
785114 1
785115 1
785116 1
785464 1
785465 1
785466 1
785964 1
785965 1
785966 1
786714 1
787231 1
787232 1
787233 1
787674 1
787675 1
787676 1
788601 1
788830 1
788831 1
788832 1
788835 1
788836 1
788837 1
789060 1
789061 1
789062 1
789336 1
789502 1
789643 1
789644 1
789645 1
789663 1
789664 1
789665 1
789791 1
791578 1
791579 1
791580 1
791982 1
791983 1
791984 1
793873 1
793874 1
793875 1
795434 1
795435 1
795436 1
796359 1
796668 1
796669 1
796670 1
797447 1
797448 1
797449 1
798978 1
798979 1
798980 1
800551 1
801582 1
801799 1
803135 1
803150 1
803880 1
803881 1
803882 1
804206 1
804207 1
804208 1
804315 1
804316 1
804317 1
804481 1
804482 1
804483 1
804510 1
804846 1
804847 1
804848 1
804904 1
804905 1
804906 1
805648 1
805649 1
805650 1
805723 1
805724 1
805725 1
806331 1
806332 1
806333 1
806753 1
806962 1
807279 1
807929 1
809223 1
809224 1
809225 1
809600 1
809601 1
809602 1
809926 1
809927 1
809928 1
810316 1
810317 1
810318 1
810488 1
810489 1
810490 1
810617 1
810618 1
810619 1
810637 1
810638 1
810639 1
810652 1
810653 1
810654 1
811119 1
811414 1
811415 1
811416 1
812028 1
813024 1
813025 1
813026 1
813773 1
814567 1
814568 1
814569 1
814589 1
814889 1
815297 1
815298 1
815299 1
815672 1
815673 1
815674 1
816488 1
816489 1
816490 1
816806 1
816807 1
816808 1
816930 1
816931 1
816932 1
817296 1
817297 1
817298 1
819060 1
819061 1
819062 1
819094 1
819095 1
819096 1
819611 1
819672 1
820798 1
820799 1
820800 1
822789 1
822790 1
822791 1
823034 1
823403 1
823404 1
823405 1
825155 1
825156 1
825157 1
827313 1
827314 1
827315 1
827554 1
827555 1
827556 1
828788 1
828789 1
828790 1
828839 1
829746 1
829747 1
829748 1
830386 1
830387 1
830388 1
830582 1
830619 1
830620 1
830621 1
830633 1
830634 1
830635 1
832066 1
832991 1
832992 1
832993 1
833073 1
833160 1
833781 1
833782 1
833783 1
833979 1
833980 1
833981 1
834162 1
834163 1
834164 1
834322 1
834323 1
834324 1
834875 1
834876 1
834877 1
835370 1
835371 1
835372 1
835656 1
835657 1
835658 1
837884 1
838868 1
838869 1
838870 1
839399 1
839400 1
839401 1
840038 1
840039 1
840040 1
840108 1
840109 1
840110 1
841184 1
841185 1
841186 1
842259 1
843081 1
843082 1
843083 1
843732 1
843733 1
843734 1
843854 1
843855 1
843856 1
844384 1
844385 1
844386 1
845663 1
845664 1
845665 1
845863 1
845864 1
845865 1
846934 1
847092 1
847767 1
848017 1
848053 1
848054 1
848055 1
848460 1
848461 1
848462 1
848588 1
848589 1
848590 1
849019 1
849364 1
849365 1
849366 1
851114 1
851475 1
851476 1
851477 1
852576 1
852577 1
852578 1
853367 1
853813 1
853814 1
853815 1
854126 1
854127 1
854128 1
854360 1
854361 1
854362 1
855720 1
855721 1
855722 1
855928 1
855929 1
855930 1
855967 1
855968 1
855969 1
856424 1
856835 1
857183 1
857472 1
857473 1
857474 1
858179 1
858180 1
858181 1
858626 1
858628 1
858629 1
858630 1
860170 1
860377 1
860378 1
860379 1
860488 1
860489 1
860490 1
860757 1
860758 1
860759 1
862394 1
862515 1
862516 1
862517 1
862719 1
862720 1
862721 1
862722 1
862723 1
862724 1
863221 1
863222 1
863223 1
865097 1
865835 1
865836 1
865837 1
866346 1
866347 1
866348 1
867654 1
867905 1
867906 1
867907 1
869327 1
869808 1
869809 1
869810 1
869816 1
870803 1
870804 1
870805 1
871089 1
872884 1
872885 1
872886 1
873210 1
873354 1
873355 1
873356 1
873475 1
873476 1
873477 1
873478 1
873858 1
874928 1
874929 1
874930 1
877311 1
878600 1
878601 1
878602 1
878774 1
878775 1
878776 1
879488 1
879489 1
879490 1
879865 1
879866 1
879867 1
880089 1
880427 1
881252 1
881253 1
881254 1
881980 1
882070 1
882071 1
882072 1
882579 1
882764 1
882859 1
882865 1
882866 1
882867 1
883125 1
883126 1
883127 1
885806 1
886406 1
886407 1
886408 1
886446 1
886447 1
886448 1
886789 1
887288 1
887289 1
887290 1
887565 1
887566 1
887567 1
888477 1
888478 1
888479 1
889884 1
889885 1
889886 1
891093 1
891094 1
891095 1
892551 1
892552 1
892553 1
893105 1
893106 1
893107 1
893254 1
893255 1
893256 1
894039 1
894040 1
894041 1
895475 1
895646 1
895647 1
895648 1
896893 1
896894 1
896895 1
897117 1
897686 1
897687 1
897688 1
898267 1
898268 1
898269 1
898821 1
898822 1
898823 1
900972 1
901114 1
902361 1
902523 1
902524 1
902525 1
904900 1
904901 1
904902 1
905290 1
905291 1
905292 1
906216 1
906217 1
906218 1
907194 1
907537 1
907538 1
907539 1
907631 1
907632 1
907633 1
907677 1
907678 1
907679 1
907719 1
910197 1
910539 1
910739 1
911189 1
911190 1
911191 1
911215 1
911216 1
911217 1
911784 1
911785 1
911786 1
911844 1
911931 1
911932 1
911933 1
913517 1
913518 1
913519 1
913654 1
913851 1
914820 1
914821 1
914822 1
917996 1
917997 1
917998 1
918372 1
918379 1
918380 1
918381 1
918866 1
918867 1
918868 1
919057 1
919506 1
919507 1
919508 1
919599 1
920206 1
920207 1
920208 1
920685 1
920686 1
920687 1
922435 1
922436 1
922437 1
922904 1
922989 1
922990 1
922991 1
923418 1
923538 1
923717 1
923718 1
923719 1
924298 1
924378 1
924672 1
925567 1
925568 1
925569 1
925718 1
925719 1
925720 1
926304 1
926305 1
926306 1
927108 1
927109 1
927110 1
927514 1
927515 1
927516 1
928042 1
928043 1
928044 1
928641 1
928642 1
928643 1
929205 1
929206 1
929207 1
929951 1
929952 1
929953 1
930772 1
930857 1
931744 1
931745 1
931746 1
931959 1
931991 1
931992 1
931993 1
932596 1
932597 1
932598 1
934765 1
934766 1
934767 1
935206 1
935207 1
935208 1
935338 1
935339 1
935340 1
935958 1
935959 1
935960 1
936391 1
936647 1
936874 1
937171 1
937172 1
937173 1
937487 1
937488 1
937489 1
937989 1
937990 1
937991 1
938484 1
939001 1
939002 1
939003 1
940384 1
940385 1
940386 1
942269 1
942270 1
942271 1
943347 1
943348 1
943349 1
944460 1
944461 1
944462 1
944730 1
944731 1
944732 1
944968 1
944969 1
944970 1
945296 1
945297 1
945298 1
945526 1
946768 1
946769 1
946770 1
948990 1
948991 1
948992 1
949205 1
949206 1
949207 1
949912 1
950965 1
950966 1
950967 1
951467 1
951468 1
951469 1
952291 1
952292 1
952293 1
952590 1
952591 1
952592 1
953125 1
953275 1
953529 1
953531 1
953532 1
953533 1
955087 1
955088 1
955089 1
956019 1
956903 1
956904 1
956905 1
957011 1
957765 1
959284 1
959285 1
959286 1
959288 1
959289 1
959290 1
959492 1
959493 1
959494 1
961771 1
961772 1
961773 1
963415 1
963416 1
963417 1
963618 1
963619 1
963620 1
965130 1
965131 1
965132 1
966083 1
966084 1
966085 1
966140 1
966141 1
966142 1
966374 1
966776 1
967108 1
967109 1
967110 1
967715 1
968019 1
968020 1
968021 1
968112 1
968113 1
968114 1
968289 1
968290 1
968291 1
968397 1
968398 1
968399 1
968741 1
968742 1
968743 1
969019 1
970651 1
970652 1
970653 1
970880 1
970916 1
971803 1
971804 1
971805 1
972605 1
972606 1
972607 1
972894 1
973058 1
973059 1
973060 1
974475 1
974476 1
974477 1
975016 1
975017 1
975018 1
975152 1
975153 1
975154 1
976110 1
977747 1
977748 1
977749 1
977996 1
977997 1
977998 1
978549 1
978550 1
978551 1
979539 1
979958 1
979959 1
979960 1
980096 1
980097 1
980098 1
981497 1
981498 1
981499 1
981532 1
981533 1
981534 1
981634 1
981875 1
982157 1
982179 1
983440 1
983441 1
983442 1
983514 1
983515 1
983516 1
983549 1
983550 1
983551 1
984258 1
984259 1
984260 1
985920 1
985921 1
985922 1
986996 1
986997 1
986998 1
987254 1
987255 1
987256 1
988382 1
988383 1
988384 1
988775 1
989609 1
989610 1
989611 1
990860 1
990861 1
990862 1
991770 1
991771 1
991772 1
991889 1
991890 1
991891 1
993336 1
993337 1
993338 1
993507 1
993838 1
994096 1
994097 1
994098 1
995753 1
995754 1
995755 1
995890 1
995891 1
995892 1
996981 1
996982 1
996983 1
997054 1
997055 1
997056 1
997605 1
997606 1
997607 1
998604 1
998605 1
998606 1
998898 1
999962 1
