      1   2   3   4   5   6   7   8   9  10  11  12  13  14  15  16  17  18  19  20  21  22  23  24  25  26  27  28  29  30  31  32  33  34  35  36  37  38  39  40  41  42  43  44  45 
 1]   0 < 6>< 6>  3 < 5>  4   1   1 < 5>  4   5 <12>  3   2 < 5>< 8>  5 < 8>< 7>  2 <10>< 3>  2   5 < 3>< 5>  4 < 4>  3 < 7>  2   4 < 6>< 6>  3   5 < 4>< 9>  5   0 < 6>< 8>< 7>< 3>< 8>
 2]   0   5   3   3   2 < 6>  2 < 3>< 5>< 8>  1   8 < 7>< 4>  2   6   3   7   2   2   6 < 3>< 5>  4   2   1   3   3   2   3   4 < 6>  3   4   1   0   3   2   3   1   4   3 < 7>< 3>  7 
 3]   3   3 < 6>< 4>< 5>  3 < 4>  1   0   6 < 7>  7   2 < 4>  2   3 <10>  4   6   0   4 < 3>  3 < 6>  2   4 < 6>  3 < 4>  5   5   1   1   4   1   1   1   5   6   1   3   5   3   0   3 
 4]   3   2   0   1   0   2   3   1   3   3   2   4   4   2   1   2   5   4   1 < 3>  3 < 3>  0   3 < 3>  3   3   3   3   5   4   2   1 < 6>  2 < 8>  3   3 < 7>  1   2   3   2   0   0 
 5] < 5>  3   5   2   4   2   2   1   2   2   1   1   5 < 4>  1   5   3   2   4   0   4   2   2   2   0   3   1 < 4>  1   2   0   5   2   4 < 4>  6   1   6   1   2   1   3   6 < 3>  2 
 6]   1   2   1   3   3   3   0   0   1   1   2   2   2 < 4>  3   4   3   2   4   1   1   2   2   3   2   2   0   2   2   1   3   4   5   3   2   2   2   3   2 < 3>  3   2   5 < 3>  2 
 7]   2   0   2   2   1   3   1   0   2   1   2   3   4   0   3   2   1   3   3   0   2   0   3   1   2   2   4   2   1   0   2   1   3   1   3   2   1   3   2   1   0   3   0   2   4 
 8]   1   2   1   0   0   1 < 4>  2   2   4   1   4   0   0   1   0   2   1   0   0   0   2   0   1   1   3   1   0   0   0 < 6>  0   2   4   0   1   1   2   3   0   1   5   3   2   2 
 9]   2   2   2   1   2   1   3 < 3>  0   0   2   0   3   2   1   0   1   2   0   1   0   2   1   2   1   0   1   1   1   1   2   2   0   0   2   2   0   2   2 < 3>  1   0   0   0   0 
10]   0   0   3   1   0   1   0   1   0   0   0   0   0   1   2   1   0   1   0   1   0   0   0   0   0   1   0   1   1   1   0   0   5   0   1   1   0   0   0   2   2   1   1   0   1 
11]   0   1   0   2   1   1   1   0   2   1   1   1   0   1   1   1   1   1   0   0   0   0   0   0   1   1   0   1   2   1   1   0   0   1   0   1   1   1   1   2   1   0   1   1   2 
12]   0   1   0   0   0   3   0   2   0   0   0   0   0   1   0   1   1   2   2   1   1   1   0   1   0   0   3   0   0   1   0   2   1   0   0   2   0   0   1   0   0   0   3   2   1 
13]   0   0   1   2   0   1   0   0   2   1   0   0   0   0   0   1   0   0   0   0   1   1   0   1   0   0   1   2   1   0   0   0   1   2   1   0   0   0   0   2   1   3   1   0   0 
14]   0   0   0   1   0   1   0   2   0   1   2   1   0   0   2   1   1   0   0   0   0   1   1   0   0   0   0   0   1   0   0   0   0   1   1   2   1   0   0   0   0   0   0   0   0 
15]   1   0   0   2   1   1   0   0   1   1   0   0   1   1   1   0   1   1   1   2   0   0   1   2   2   0   1   1   0   1   0   1   0   0   0   0   0   0   1   0   0   0   0   0   1 
16]   0   0   1   0   0   0   2   0   1   0   0   1   1   2   0   0   1   0   0   2   0   0   1   1   0   1   0   0   0   1   1   0   1   0   1   0   0   0   0   0   0   1   0   0   0 
17]   1   1   1   1   2   0   0   0   0   0   1   0   0   1   0   1   0   1   1   0   0   1   0   1   1   0   0   1   2   0   0   0   0   0   0   0   0   0   0   1   0   0   0   0   0 
18]   0   0   0   0   0   0   0   0   0   0   0   0   0   0   0   0   0   0   0   1   3   0   0   0   0   1   2   1   0   1   0   0   0   0   0   0   0   0   0   0   0   0   0   0   0 
19]   0   0   1   0   1   0   0   0   0   1   0   0   0   0   1   0   0   0   0   0   0   0   0   0   0   0   0   0   0   0   0   1   0   1   1   0   0   0   0   0   0   0   0   0   1 
20]   0   0   0   0   0   0   1   0   0   0   1   0   0   0   0   1   0   0   1   2   0   0   0   0   0   1   0   0   0   0   1   0   0   0   0   0   0   0   0   0   0   0   0   0   0 
21]   0   0   0   0   0   0   0   1   0   1   0   0   0   0   0   0   0   0   0   0   0   0   0   0   0   0   0   0   0   0   0   0   0   0   0   0   0   0   0   0   0   0   0   0   0 
22]   0   0   0   0   0   0   1   0   0   0   0   0   0   0   0   0   0   0   0   0   1   1   0   0   0   0   0   0   0   0   0   0   0   0   0   0   1   0   0   0   0   0   0   0   0 
23]   0   1   0   0   1   0   0   0   0   0   0   0   0   0   0   0   0   0   0   0   0   0   1   0   0   1   0   0   0   0   0   0   0   0   0   0   1   0   0   0   1   0   0   0   0 
24]   0   0   0   0   0   0   0   0   0   0   0   0   0   0   0   0   0   0   0   0   0   0   0   0   0   0   0   0   1   0   0   0   0   0   0   0   1   0   0   1   0   0   0   2   0 
25]   0   0   0   0   0   0   0   0   0   0   0   0   0   0   0   0   0   0   0   0   0   0   0   0   0   0   0   0   0   0   0   0   0   0   0   0   0   0   0   0   1   0   0   0   0 
26]   2   0   0   0   0   0   0   0   0   0   1   0   0   0   0   0   0   0   0   0   0   0   0   0   0   0   0   0   0   1   0   0   0   0   0   0   0   0   0   0   1   0   0   0   0 
27]   0   0   0   0   0   0   0   1   1   0   0   0   0   0   0   0   0   0   0   0   0   1   0   0   0   0   0   0   0   0   0   0   0   0   1   0   0   0   1   0   0   0   0   0   0 
28]   0   0   0   0   0   0   0   0   0   0   0   0   0   0   0   0   0   0   0   0   0   0   0   0   0   0   0   0   0   0   0   0   0   0   0   0   0   0   0   0   0   0   0   1   0 
29]   0   0   0   0   0   0   0   0   0   0   0   0   0   0   0   0   0   0   0   0   0   0   0   0   0   0   0   0   0   0   0   0   0   0   0   0   0   0   0   0   0   0   0   0   0 
30]   0   0   0   0   0   0   0   0   0   0   0   0   0   0   0   0   0   0   0   0   0   0   0   0   1   0   0   0   0   0   0   0   0   0   0   0   0   1   0   0   0   0   0   0   0 
31]   0   0   0   0   0   0   0   0   0   0   0   0   0   0   0   0   0   0   0   0   0   0   0   0   0   0   0   0   0   0   0   0   0   0   0   0   0   0   0   0   0   0   0   0   0 
32]   0   0   0   0   0   0   0   0   0   0   0   0   1   0   0   0   0   0   0   0   0   0   0   0   0   0   0   0   0   0   0   0   0   0   0   0   0   0   0   0   0   0   0   0   0 
33]   0   0   0   0   0   0   0   0   0   0   0   0   0   0   0   0   0   0   0   0   0   0   0   0   0   0   0   0   0   0   0   0   0   0   0   0   0   0   0   0   0   0   0   0   0 
34]   0   1   0   0   0   0   0   0   0   0   0   0   0   0   0   0   0   0   0   0   0   0   0   0   0   0   0   0   0   0   0   1   0   0   0   0   0   0   0   0   0   0   0   0   0 
35]   0   0   0   0   0   0   0   0   0   0   0   0   0   0   0   0   0   0   0   0   0   0   0   0   0   0   0   0   0   0   0   0   0   0   0   0   0   0   0   0   0   0   0   0   0 
36]   0   0   0   0   0   0   0   0   0   0   0   0   0   0   0   0   0   0   0   0   0   0   0   0   0   0   0   0   0   0   0   0   0   0   0   0   1   0   0   0   0   0   0   0   0 
37]   0   0   0   0   0   0   0   0   0   0   0   0   0   0   0   0   0   0   0   0   0   0   0   0   0   0   0   0   0   0   0   0   0   0   0   0   0   0   0   0   0   0   0   0   0 
38]   0   0   0   0   0   0   0   0   0   0   0   0   0   0   0   0   0   0   0   0   0   0   0   0   0   0   0   0   0   0   0   0   0   0   0   0   0   0   0   0   0   0   0   0   0 
39]   0   0   0   0   0   0   0   0   0   0   0   0   0   0   0   0   0   0   0   0   0   0   0   0   1   0   0   0   0   0   0   0   0   0   0   0   0   0   0   0   0   0   0   0   0 
40]   0   0   0   0   0   0   0   0   0   0   0   0   0   0   0   0   0   0   0   0   0   0   0   0   0   0   0   0   0   0   0   0   0   0   0   0   0   0   0   0   0   0   0   0   0 
41]   0   0   0   0   0   0   0   0   0   0   0   0   0   0   0   0   0   0   0   0   0   0   0   0   0   0   0   0   0   0   0   0   0   0   0   0   0   0   0   0   0   0   0   0   0 
42]   0   0   0   0   0   0   0   0   0   0   0   0   0   0   0   0   0   0   0   0   0   0   0   0   0   0   0   0   0   0   0   0   0   0   0   0   0   0   0   0   0   0   0   0   0 
43]   0   0   0   0   0   0   0   0   0   0   0   0   0   0   0   0   0   0   0   0   0   0   0   0   0   0   0   0   0   0   0   0   0   0   0   0   0   0   0   0   0   0   0   0   0 
44]   0   0   0   0   0   0   0   0   0   0   0   0   0   0   0   0   0   0   0   0   0   0   1   0   0   0   0   0   0   0   0   0   0   0   0   0   0   0   0   0   0   0   0   0   0 

728]  1  2 [3] 4  5 [6] 7  8  9 [10] 11  12  13  14  15  16  17  18  19  20  21  22  23  24  25  26  27  28  29 [30] 31  32  33 [34] 35 <36>[37] 38  39  40  41  42  43  44  45 
729]  1  2  3  4  5  6  7  8  9  10 [11] 12  13  14  15 <16>[17] 18  19  20 [21] 22  23  24  25 [26] 27  28  29  30  31  32  33  34  35 [36] 37  38  39  40  41  42  43  44 [45]
730]  1  2  3 [4] 5  6  7  8  9 [10] 11  12  13 [14][15] 16  17 [18] 19  20  21 [22] 23  24  25  26  27  28  29  30  31  32  33  34  35  36  37  38 [39] 40  41  42  43  44  45 
731]  1 [2] 3  4  5  6 [7] 8  9  10  11  12 [13] 14  15  16  17  18  19  20  21  22  23  24 [25] 26  27  28  29  30  31  32  33  34  35  36  37  38 <39> 40  41 [42] 43  44 [45]
732]  1 [2] 3 [4][5] 6  7  8  9  10  11  12  13  14  15  16 [17] 18  19  20  21  22  23  24  25  26 [27] 28  29  30  31 [32] 33  34  35  36  37  38  39  40  41  42 [43] 44  45 
733]  1  2  3  4  5  6  7  8  9  10 [11] 12 <13> 14  15  16  17  18  19  20  21  22  23 [24] 25  26  27  28  29  30  31 [32][33] 34 [35] 36  37  38  39 [40] 41  42  43  44  45 
734]  1  2  3  4  5 [6] 7  8  9  10  11  12  13  14  15 [16] 17 <18> 19  20  21  22  23  24  25  26  27  28  29  30  31  32  33  34  35  36 [37][38] 39  40 [41] 42  43  44 [45]
735]  1  2  3 <4>[5] 6  7  8  9 [10] 11  12 [13] 14  15  16  17  18  19  20  21  22  23  24  25  26 [27] 28  29  30  31  32  33  34  35  36 [37] 38  39  40 [41] 42  43  44  45 
736]  1 [2] 3  4  5 <6> 7  8  9  10 [11] 12  13  14  15  16 [17][18] 19  20 [21] 22  23  24  25  26 [27] 28  29  30  31  32  33  34  35  36  37  38  39  40  41  42  43  44  45 
737]  1  2  3  4  5  6  7  8  9  10 <11> 12 [13] 14 [15] 16  17 [18] 19  20  21  22  23 [24] 25  26 [27] 28  29  30  31  32  33  34  35  36  37  38  39  40 [41] 42  43  44  45 
738]  1  2  3  4  5  6  7  8  9  10  11  12  13  14  15  16  17  18  19  20  21  22 [23] 24  25  26 [27][28] 29  30  31  32  33  34  35 <36> 37 [38] 39  40  41 [42][43] 44  45 
739]  1  2  3  4  5  6 [7] 8  9  10  11  12  13  14  15  16  17  18  19  20  21 [22] 23  24  25  26  27  28 [29]<30> 31  32 [33][34][35] 36  37  38  39  40  41  42  43  44  45 
740]  1  2  3 [4] 5  6  7 [8][9] 10  11  12  13  14  15 [16][17] 18 [19] 20  21  22  23  24  25  26  27  28  29  30 [31] 32  33  34  35  36  37  38  39  40  41  42  43  44  45 
741]  1  2  3  4 [5] 6  7  8  9  10  11  12  13  14  15 <16> 17  18  19  20 [21] 22  23  24  25  26 [27] 28  29  30  31  32  33 [34] 35  36  37  38  39  40  41  42  43 [44][45]
742]  1  2  3  4  5 <6> 7 [8] 9 [10] 11  12 [13] 14  15  16  17  18  19  20  21  22  23  24  25  26  27  28  29  30  31  32  33  34  35 [36][37] 38  39 [40] 41  42  43  44  45 
743]  1  2  3  4  5  6  7  8  9 <10> 11  12  13  14 [15] 16  17  18 [19] 20 [21] 22  23  24  25  26  27  28  29  30  31  32  33 [34] 35  36  37  38  39  40 [41] 42  43 [44] 45 
744]  1  2  3  4  5  6  7  8  9 [10] 11  12  13  14 [15] 16  17 [18] 19  20 [21] 22  23  24  25  26  27  28  29  30  31  32  33 [34] 35  36  37  38  39  40 [41] 42 [43] 44  45 
745] [1][2][3] 4  5  6  7  8 [9]<10> 11 [12] 13  14  15  16  17  18  19  20  21  22 [23] 24  25  26  27  28  29  30  31  32  33  34  35  36  37  38  39  40  41  42  43  44  45 
746]  1  2 [3] 4  5  6  7  8  9  10  11 [12] 13  14  15  16  17  18  19  20  21  22  23  24 <25> 26  27  28  29  30  31  32 [33] 34  35 [36] 37  38  39  40  41 [42] 43  44 [45]
747]  1  2  3  4  5  6 [7] 8 [9] 10  11 [12] 13 [14] 15  16 <17> 18  19  20  21  22 [23] 24  25  26  27 [28] 29  30  31  32  33  34  35  36  37  38  39  40  41  42  43  44  45 
748]  1  2 [3] 4  5  6  7  8  9 [10] 11  12 [13] 14  15  16  17  18  19  20  21 [22] 23  24  25  26  27  28 <29> 30 [31][32] 33  34  35  36  37  38  39  40  41  42  43  44  45 
749]  1  2  3  4  5  6  7  8  9  10  11 [12] 13 [14] 15  16  17  18  19  20  21  22  23 [24] 25 [26] 27  28  29  30  31  32  33 [34] 35  36  37  38  39  40 <41> 42  43  44 [45]
750] [1][2] 3  4  5  6  7  8  9  10  11 <12> 13  14 [15] 16  17  18 [19] 20  21  22  23 [24] 25  26  27  28  29  30  31  32  33  34  35 [36] 37  38  39  40  41  42  43  44  45 
751]  1  2 [3][4] 5  6  7  8  9  10  11  12  13  14  15 [16]<17> 18  19 [20] 21  22  23  24  25  26  27 [28] 29  30  31  32  33  34  35  36  37  38  39  40  41  42  43 [44] 45 
752]  1  2  3 [4] 5  6 <7> 8  9  10  11  12  13  14  15 [16] 17  18  19 [20] 21  22  23  24  25  26  27  28  29  30  31  32 [33] 34  35  36  37  38  39 [40] 41  42 [43] 44  45 
753]  1 [2]<3> 4  5  6  7  8  9  10  11  12  13  14  15  16 [17] 18 [19] 20  21  22  23 [24] 25  26  27  28  29  30  31  32  33  34  35  36 [37] 38  39  40 [41] 42  43  44  45 
754]  1 [2] 3  4  5  6  7 [8] 9  10  11  12  13  14  15  16 [17] 18  19  20  21  22  23 [24] 25  26  27  28 [29] 30 [31][32] 33  34  35  36  37  38  39  40  41  42  43  44  45 
755]  1  2  3  4  5  6  7  8  9  10  11  12 [13][14] 15  16  17  18  19  20  21  22  23  24  25 [26] 27 [28] 29 [30] 31  32  33  34  35 [36][37] 38  39  40  41  42  43  44  45 
756]  1  2  3 <4> 5  6  7  8  9 [10] 11  12  13 [14] 15 [16] 17 [18] 19  20  21  22  23  24  25  26 [27][28] 29  30  31  32  33  34  35  36  37  38  39  40  41  42  43  44  45 
757] <1> 2  3  4  5 [6][7] 8  9  10 [11] 12  13  14  15  16 [17] 18  19  20  21  22  23  24  25  26  27  28  29  30  31  32 [33] 34  35  36  37  38  39  40  41  42  43 [44] 45 
758]  1  2  3  4 [5] 6  7  8 [9] 10  11 [12] 13  14  15  16  17  18  19  20  21  22  23 <24> 25  26  27  28  29 [30] 31  32  33  34  35  36  37  38 [39] 40  41  42 [43] 44  45 
759]  1  2  3  4  5  6  7  8 [9] 10  11  12  13  14  15  16  17  18  19  20  21  22  23  24  25  26  27  28  29  30  31 <32>[33] 34  35 [36] 37  38  39 [40] 41 [42][43] 44  45 
760]  1  2  3  4  5  6  7  8  9 [10] 11 <12> 13  14  15  16  17  18  19  20  21 [22] 23  24  25  26 [27] 28  29  30 [31] 32  33  34  35  36  37  38  39  40  41 [42][43] 44  45 
761]  1  2  3 [4] 5  6 [7] 8  9  10 [11] 12  13  14  15  16  17  18  19  20  21  22  23 [24] 25  26  27  28  29 <30> 31  32  33  34  35  36  37  38  39  40  41 [42] 43  44 [45]
762] [1] 2 [3] 4  5  6  7  8  9  10  11 [12] 13  14  15 <16> 17  18  19  20 [21] 22  23  24  25 [26] 27  28  29  30  31  32  33  34  35  36  37  38  39  40 [41] 42  43  44  45 
763]  1  2 [3] 4  5  6  7 [8] 9 <10> 11  12  13  14  15 [16] 17  18  19  20  21  22  23  24  25  26  27  28  29  30  31 [32] 33 [34] 35  36  37  38  39  40  41  42 [43] 44  45 
764]  1  2  3  4  5  6 [7] 8  9  10  11  12  13  14 <15> 16  17  18  19  20  21 [22] 23 [24] 25  26  27  28  29  30 [31] 32  33 [34] 35 [36] 37  38  39  40  41  42  43  44  45 
765] [1] 2 [3] 4  5  6  7 [8] 9  10  11 [12] 13  14  15  16  17  18  19  20  21  22  23  24  25  26  27  28  29  30  31  32 <33> 34  35  36  37  38  39  40  41 [42][43] 44  45 
766]  1  2  3  4  5  6  7  8 [9] 10  11  12  13  14  15  16  17  18  19  20 <21> 22  23  24  25  26  27  28  29 [30] 31  32  33 [34][35] 36  37  38 [39] 40 [41] 42  43  44  45 
767]  1  2  3  4 [5] 6  7  8  9  10  11  12  13  14 [15] 16  17  18  19 [20] 21 <22> 23  24  25  26  27  28  29  30 [31] 32  33 [34] 35  36  37  38  39  40  41 [42] 43  44  45 
768]  1  2  3 <4> 5  6 [7] 8  9  10  11  12  13  14  15  16  17  18  19  20  21  22  23  24  25  26 [27] 28 [29][30] 31  32  33  34  35  36  37 [38] 39  40  41  42  43 [44] 45 
769]  1  2  3 <4>[5] 6 [7] 8  9  10 [11] 12  13  14  15 [16] 17  18  19  20  21  22  23  24  25  26  27  28  29  30  31  32  33  34  35  36  37  38  39  40 [41] 42  43  44 [45]
770] [1] 2  3  4  5  6  7  8 [9] 10  11 [12] 13  14  15  16  17  18  19  20  21  22 [23] 24  25  26  27  28  29  30  31  32  33 <34> 35  36  37  38 [39] 40  41  42 [43] 44  45 
771]  1  2  3  4  5 [6] 7  8  9 [10] 11  12  13  14  15  16 [17][18] 19  20 [21] 22  23  24  25  26  27  28 [29][30] 31  32  33  34  35  36  37  38  39  40  41  42  43  44  45 
772]  1  2  3  4 [5][6] 7  8  9  10 [11] 12  13 [14] 15  16  17  18  19  20 [21] 22  23  24  25  26  27  28  29  30  31 <32> 33  34  35  36  37  38  39  40 [41] 42  43  44  45 
773]  1  2  3  4  5  6  7 [8] 9  10  11 [12] 13  14  15  16  17  18 [19] 20 [21] 22  23  24  25  26  27  28  29  30 [31] 32  33  34 [35] 36  37  38  39  40  41  42  43 [44] 45 
774]  1  2  3  4  5  6  7  8 <9> 10  11 [12] 13  14 [15] 16  17 [18] 19  20  21  22  23  24  25  26  27 [28] 29  30  31  32  33 [34] 35  36  37  38  39  40  41 [42] 43  44  45 
775]  1  2  3  4  5  6  7  8  9  10 [11][12] 13  14  15  16 <17> 18  19  20  21  22  23  24  25  26  27  28 [29] 30  31  32 [33] 34  35  36  37 [38] 39  40  41 [42] 43  44  45 
776]  1  2  3  4  5  6  7 [8][9] 10  11  12  13  14  15  16  17 [18] 19 <20>[21] 22  23  24  25  26  27 [28] 29  30  31  32  33  34  35  36  37  38  39 [40] 41  42  43  44  45 
777]  1  2  3  4  5 [6] 7  8  9  10  11 [12] 13  14  15  16 [17]<18> 19  20 [21] 22  23  24  25  26  27  28  29  30  31  32  33 [34] 35  36 [37] 38  39  40  41  42  43  44  45 
778]  1  2  3  4  5 [6] 7  8  9  10 <11> 12  13  14  15  16  17  18  19  20 [21] 22  23  24  25  26  27  28  29  30  31  32  33  34 [35][36][37] 38  39  40 [41] 42  43  44  45 
779]  1  2  3 <4> 5 [6] 7  8  9  10  11 [12] 13  14  15  16  17  18 [19] 20  21  22  23 [24] 25  26  27  28  29  30  31  32  33 [34] 35  36  37  38  39  40 [41] 42  43  44  45 
780]  1  2  3  4  5  6  7  8  9  10  11  12  13  14 [15]<16>[17] 18 [19] 20 [21] 22  23  24  25  26 [27] 28  29  30  31  32  33  34  35  36  37  38  39  40  41  42  43  44 [45]
781]  1  2  3  4  5  6  7  8  9  10 [11] 12  13  14  15 [16] 17 [18][19] 20  21  22  23 [24] 25  26  27  28  29  30  31  32  33  34  35  36  37  38 [39] 40  41  42 [43] 44  45 
782]  1  2  3  4  5 [6] 7  8  9  10  11  12  13  14  15  16  17 [18] 19 <20> 21  22  23  24  25  26  27  28  29  30 [31] 32  33 [34] 35  36  37 [38] 39  40  41  42  43  44 [45]
783]  1  2  3  4  5  6  7  8  9  10  11  12  13 [14][15][16][17] 18  19  20  21  22  23  24  25  26  27  28  29  30  31  32  33  34  35 <36> 37 [38] 39  40  41  42  43  44 [45]
784]  1  2 [3] 4  5  6  7  8  9 [10] 11  12  13  14  15  16  17  18  19  20  21 <22>[23][24] 25  26  27  28  29  30 [31] 32  33  34  35  36  37  38 [39] 40  41  42  43  44  45 
785]  1  2  3 [4] 5 [6] 7  8  9  10  11  12  13  14 [15] 16  17  18  19  20  21  22  23  24 [25][26] 27  28  29  30  31  32 [33] 34  35  36  37  38  39 [40] 41  42  43  44  45 
786]  1  2  3  4  5  6  7  8  9  10  11 [12] 13  14 [15][16] 17  18  19 [20] 21  22  23 [24] 25  26  27  28  29 [30] 31  32  33  34  35  36  37 [38] 39  40  41  42  43  44  45 
787]  1  2  3  4 [5][6] 7  8 <9> 10  11  12 [13] 14  15 [16] 17  18  19  20  21  22  23  24  25  26 [27][28] 29  30  31  32  33  34  35  36  37  38  39  40  41  42  43  44  45 
788]  1 [2] 3  4  5  6  7  8  9 [10][11] 12  13  14  15  16  17  18 [19] 20  21  22  23  24  25  26  27  28 <29> 30  31  32  33  34 [35] 36  37  38 [39] 40  41  42  43  44  45 
789]  1 [2] 3  4  5 [6][7] 8  9  10  11 [12] 13  14  15  16  17  18 [19] 20  21  22  23  24  25  26  27  28  29  30  31  32  33  34  35  36  37 <38> 39  40  41  42  43  44 [45]
790]  1  2 [3] 4  5  6  7 [8] 9  10  11 <12> 13  14  15  16  17  18 [19] 20  21  22  23  24  25  26 [27] 28  29 [30] 31  32  33  34  35  36  37  38  39  40 [41] 42  43  44  45 
791]  1 [2] 3  4  5  6  7  8  9 [10] 11 [12] 13  14  15  16  17  18  19  20  21  22  23  24  25  26  27  28  29  30 [31]<32>[33] 34  35  36  37  38  39  40  41 [42] 43  44  45 
792]  1 [2] 3  4  5  6 [7] 8  9  10  11  12  13  14  15 <16> 17  18 [19] 20  21  22  23  24 [25] 26  27  28 [29] 30  31  32  33  34  35 [36] 37  38  39  40  41  42  43  44  45 
793]  1  2  3  4  5  6  7  8  9 [10] 11  12  13  14 [15] 16  17  18  19  20 [21] 22  23  24  25  26  27  28  29  30 <31> 32  33  34 [35] 36  37 [38] 39  40  41  42 [43] 44  45 
794]  1  2  3  4  5 [6][7] 8  9  10  11  12 <13> 14  15  16  17 [18][19] 20  21  22  23  24  25  26  27  28  29 [30] 31  32  33  34  35  36  37 [38] 39  40  41  42  43  44  45 
795]  1  2 [3] 4  5  6  7  8  9 [10] 11  12 [13] 14  15  16  17  18  19  20  21  22  23  24  25 [26] 27  28  29  30  31  32  33 [34] 35 <36> 37 [38] 39  40  41  42  43  44  45 
796] [1] 2  3  4 <5> 6  7  8  9  10  11  12  13  14  15  16  17  18  19  20 [21] 22  23  24  25 [26] 27  28  29  30  31  32  33  34  35 [36] 37  38  39 [40][41] 42  43  44  45 
797]  1  2  3  4 [5] 6  7  8  9  10  11  12  13  14  15  16  17  18  19  20  21 [22] 23  24  25  26  27  28  29  30 [31][32] 33  34  35 <36> 37  38 [39] 40  41  42  43  44 [45]
798]  1 [2] 3  4  5  6  7  8  9 [10] 11  12  13 [14] 15  16  17  18  19  20  21 [22] 23  24  25  26  27  28  29  30  31 [32] 33  34  35 [36] 37  38  39  40 [41] 42  43  44  45 
799]  1  2  3  4  5  6  7  8  9  10  11 [12] 13  14  15  16 [17] 18  19  20  21  22 [23] 24  25  26  27  28  29  30  31  32 <33>[34] 35  36  37  38  39  40  41 [42] 43  44 [45]
800] [1] 2  3 [4] 5  6  7  8  9 [10] 11 [12] 13  14  15  16  17  18  19  20  21  22  23  24  25 <26> 27 [28] 29  30  31  32  33  34  35  36  37  38  39  40  41  42  43  44 [45]
801]  1 <2> 3  4  5  6  7  8  9  10  11  12  13  14  15  16 [17] 18  19  20  21  22  23  24 [25] 26  27 [28] 29  30  31  32  33  34  35  36 [37] 38  39  40  41  42 [43][44] 45 
802]  1  2  3  4  5  6  7  8  9 [10][11][12] 13  14  15  16  17 [18] 19  20  21  22  23 [24] 25  26 <27> 28  29  30  31  32  33  34  35  36  37  38  39  40  41 [42] 43  44  45 
803]  1 <2> 3  4 [5] 6  7  8 [9] 10  11  12  13 [14] 15  16  17  18  19  20  21  22  23  24  25 [26] 27  28  29 [30] 31  32  33  34  35  36  37  38  39  40  41  42 [43] 44  45 
804] [1] 2  3  4  5  6  7  8 <9>[10] 11  12 [13] 14  15  16  17  18  19  20  21  22  23  24  25 [26] 27  28  29  30  31 [32] 33  34  35 [36] 37  38  39  40  41  42  43  44  45 
805]  1  2 [3] 4  5  6  7  8  9  10  11 [12][13] 14  15  16  17 [18] 19  20  21  22  23  24  25  26  27  28  29  30 [31][32] 33  34  35  36  37  38  39  40  41 [42] 43  44  45 
806]  1  2  3  4  5  6  7  8  9  10  11  12  13 [14] 15  16  17  18  19 [20] 21  22 [23] 24  25  26 <27> 28  29  30 [31] 32  33  34  35  36 [37][38] 39  40  41  42  43  44  45 
807]  1  2  3  4  5 [6] 7  8  9 [10] 11  12  13  14  15  16  17 [18] 19  20  21  22  23  24 [25] 26  27  28  29  30  31  32 <33>[34][35] 36  37  38  39  40  41  42  43  44  45 
808]  1  2  3  4  5  6  7  8  9  10  11  12  13  14 [15] 16  17  18  19  20 [21] 22  23 <24> 25  26  27  28  29  30 [31][32] 33  34  35  36  37  38  39  40 [41] 42 [43] 44  45 
809]  1  2  3  4  5 [6] 7  8  9  10 [11] 12  13  14 [15] 16 [17] 18  19  20  21  22 [23] 24  25  26  27  28  29  30  31  32  33  34  35  36  37  38 <39>[40] 41  42  43  44  45 
810]  1  2  3  4 [5] 6  7  8  9 [10]<11> 12 [13] 14  15  16  17  18  19  20 [21] 22  23  24  25  26  27  28  29  30  31  32  33  34  35  36  37  38 [39] 40  41  42 [43] 44  45 
811]  1  2  3  4  5  6  7 [8] 9  10 [11] 12  13  14  15  16  17  18 [19] 20 [21] 22  23  24 <25> 26  27  28  29  30  31  32  33  34  35 [36] 37  38  39  40  41  42  43  44 [45]
812] [1] 2 [3] 4  5  6  7  8  9 <10> 11 [12] 13 [14] 15 [16] 17  18  19  20  21  22  23  24  25  26  27  28  29  30  31  32  33  34  35  36  37  38  39  40  41  42 [43] 44  45 
813]  1  2  3  4  5  6  7  8  9  10 [11] 12  13  14  15  16  17  18  19  20  21  22  23  24  25  26 <27> 28  29 [30] 31  32  33 [34][35] 36  37  38  39  40  41 [42] 43 [44] 45 
814]  1 [2] 3  4  5  6  7  8  9  10  11  12  13  14  15  16  17  18  19  20 [21] 22  23  24  25  26  27 [28] 29 <30> 31  32  33  34  35  36  37 [38] 39  40  41 [42] 43  44 [45]
815]  1  2  3 <4> 5  6  7  8  9  10  11  12  13  14  15  16 [17] 18  19  20 [21] 22  23  24 [25][26][27] 28  29  30  31  32  33  34  35 [36] 37  38  39  40  41  42  43  44  45 
816]  1  2  3  4  5  6 <7> 8  9  10  11 [12] 13  14  15  16  17 [18][19] 20  21  22  23  24  25  26  27  28 [29] 30 [31] 32  33  34  35  36  37  38 [39] 40  41  42  43  44  45 
817]  1  2 [3] 4  5  6  7  8 [9] 10  11 [12][13] 14  15  16  17  18  19  20  21  22  23  24 [25] 26  27  28  29  30  31  32  33 <34> 35  36  37  38  39  40  41  42 [43] 44  45 
818]  1  2 <3> 4  5  6  7  8  9  10  11  12  13 [14][15] 16  17  18  19  20  21  22  23  24 [25] 26  27 [28][29][30] 31  32  33  34  35  36  37  38  39  40  41  42  43  44  45 
819]  1  2  3  4  5  6  7  8  9  10  11  12  13  14 <15>[16] 17  18  19  20  21  22  23  24 [25] 26  27  28  29  30  31  32 [33] 34  35  36  37 [38] 39 [40] 41  42  43  44 [45]
820]  1  2  3  4  5 <6> 7  8  9 [10] 11  12  13  14  15  16  17  18  19  20 [21][22] 23  24  25  26  27  28  29 [30] 31  32  33  34 [35] 36  37  38  39  40  41 [42] 43  44  45 
821] [1] 2  3  4  5  6  7  8  9  10  11 [12][13] 14  15 <16> 17  18  19  20  21  22  23 [24] 25  26  27  28 [29] 30  31  32  33  34  35  36  37  38  39  40  41  42  43 [44] 45 
822]  1  2  3  4  5  6  7  8 [9] 10  11 <12> 13  14  15  16  17 [18] 19 [20] 21  22  23 [24] 25  26 [27] 28  29  30  31  32  33  34  35 [36] 37  38  39  40  41  42  43  44  45 
823]  1  2  3  4  5  6  7  8  9  10  11 [12] 13  14 <15> 16  17 [18] 19  20  21  22  23 [24] 25 [26] 27  28  29  30  31  32  33  34  35  36  37  38 [39][40] 41  42  43  44  45 
824]  1  2  3  4  5  6 [7] 8 [9] 10  11  12  13  14  15  16  17  18  19  20  21  22  23 [24] 25 <26> 27  28 [29] 30  31  32  33 [34] 35  36  37 [38] 39  40  41  42  43  44  45 
825]  1  2  3  4  5  6  7 [8] 9  10  11  12  13  14 [15] 16  17  18  19  20 [21] 22  23  24  25  26  27  28  29  30 [31] 32 [33] 34  35  36  37 [38] 39  40  41 [42] 43  44  45 
826]  1  2  3  4  5  6  7  8  9  10  11  12 [13] 14  15 [16] 17  18  19  20  21  22  23 [24][25] 26  27  28  29  30  31  32 [33] 34  35 [36] 37  38  39  40  41 [42] 43  44  45 
827]  1  2  3  4 [5] 6  7  8  9  10 [11][12] 13 <14> 15  16  17  18  19  20  21  22  23  24  25  26  27  28 [29] 30  31  32 [33] 34  35  36  37  38  39  40  41  42  43 [44] 45 
828]  1  2  3 [4] 5  6 [7] 8  9  10  11  12 [13] 14  15  16  17 <18> 19  20  21  22  23  24  25  26  27  28 [29] 30 [31] 32  33  34  35  36  37  38 [39] 40  41  42  43  44  45 
829]  1  2  3 [4][5] 6  7  8  9  10  11  12  13  14  15  16  17  18  19  20  21  22  23  24  25  26  27  28 <29> 30 [31] 32  33  34 [35] 36  37  38  39  40  41  42 [43] 44 [45]
830]  1  2  3  4 [5][6] 7  8  9  10  11  12  13  14  15 [16]<17>[18] 19  20  21  22  23  24  25  26  27  28  29  30  31  32  33  34  35  36 [37][38] 39  40  41  42  43  44  45 
831]  1  2 [3] 4  5  6  7  8 <9>[10] 11  12  13  14  15 [16] 17  18 [19] 20  21  22  23  24  25  26  27  28  29  30 [31] 32  33  34  35  36  37  38 [39] 40  41  42  43  44  45 
832]  1  2  3  4  5  6  7  8  9  10  11  12 [13][14] 15  16  17  18 [19] 20  21  22  23  24  25 [26] 27  28  29 <30> 31  32  33  34  35  36  37  38  39 [40] 41  42 [43] 44  45 
833]  1  2  3  4  5  6  7  8  9  10  11 [12] 13  14  15  16  17 [18]<19> 20  21  22  23  24  25  26  27  28  29 [30] 31  32  33  34  35  36  37  38 [39] 40 [41][42] 43  44  45 
834]  1  2 <3> 4  5 [6] 7 [8] 9  10  11  12  13  14  15  16  17 [18] 19  20  21  22  23  24  25  26  27  28  29  30  31  32  33  34 [35] 36  37  38  39  40  41 [42][43] 44  45 
835]  1  2  3  4  5  6  7  8 [9][10] 11  12 [13] 14  15  16  17  18  19  20  21  22  23  24  25  26  27 [28] 29  30  31  32  33  34 <35> 36  37 [38] 39  40  41  42  43  44 [45]
836] [1] 2  3  4  5  6  7  8 [9] 10 [11] 12  13 [14] 15  16  17  18 <19> 20  21  22  23  24  25 [26] 27 [28] 29  30  31  32  33  34  35  36  37  38  39  40  41  42  43  44  45 
837]  1 [2] 3  4  5 <6> 7  8  9  10  11  12  13  14  15  16  17  18  19  20  21  22  23  24 [25] 26  27 [28] 29 [30] 31  32 [33] 34  35  36  37  38  39  40  41  42  43  44 [45]
838]  1  2  3  4  5  6  7  8 [9] 10  11  12  13 [14] 15  16 [17] 18  19 <20> 21  22  23  24  25  26  27  28  29  30  31  32 [33] 34  35 [36] 37 [38] 39  40  41  42  43  44  45 
839]  1  2 [3] 4  5  6  7  8 [9] 10 [11][12][13] 14  15  16  17  18 [19] 20  21  22  23  24  25  26  27  28  29  30  31  32  33  34 [35] 36  37  38  39  40  41  42  43  44  45 
840]  1 [2] 3 [4] 5  6  7  8  9  10 [11] 12  13  14  15  16  17  18  19  20  21  22  23  24  25  26 <27>[28][29] 30  31  32  33  34  35  36  37  38  39  40  41  42 [43] 44  45 
841]  1  2  3  4 [5] 6  7  8  9  10 [11] 12  13 [14] 15  16  17  18  19  20  21  22  23 <24> 25  26  27  28  29 [30] 31  32 [33] 34  35  36  37 [38] 39  40  41  42  43  44  45 
842]  1  2  3  4  5  6  7  8  9  10  11  12  13 [14] 15  16  17  18  19  20  21  22  23  24  25 [26] 27  28  29  30  31 [32] 33  34  35 [36] 37 <38>[39] 40  41 [42] 43  44  45 
843]  1  2  3 <4> 5  6  7  8  9  10  11  12  13  14  15  16  17  18 [19] 20 [21] 22  23  24  25  26  27  28  29 [30] 31  32 [33][34] 35  36  37  38  39  40  41 [42] 43  44  45 
844]  1  2  3  4  5  6 [7][8] 9  10  11  12 [13] 14 [15] 16  17 <18> 19  20  21  22  23  24  25  26  27  28  29  30  31  32 [33] 34  35  36  37  38  39  40  41  42  43  44 [45]
845] [1] 2  3  4  5 <6> 7  8  9  10  11  12  13  14  15 [16] 17  18  19  20  21  22  23  24  25  26  27  28 [29] 30  31  32 [33] 34  35  36  37  38  39 [40] 41  42  43  44 [45]
846]  1  2  3  4 [5] 6  7  8  9  10  11  12 <13> 14  15  16  17 [18] 19  20  21  22  23  24  25  26  27  28  29 [30] 31  32  33  34  35  36  37  38  39  40 [41] 42 [43] 44 [45]
847]  1  2  3  4  5  6  7  8  9  10  11 [12] 13  14  15 [16] 17  18  19  20  21 <22> 23  24  25 [26] 27 [28] 29 [30] 31  32  33  34  35  36  37  38  39  40  41 [42] 43  44  45 
848] [1][2] 3  4  5  6  7  8  9  10  11  12  13  14  15 [16] 17  18  19  20  21 [22] 23  24  25  26  27  28  29  30  31  32  33 <34> 35  36  37 [38][39] 40  41  42  43  44  45 
849]  1  2 <3> 4 [5] 6  7  8  9  10  11  12 [13] 14  15  16 [17] 18  19  20  21  22  23  24  25  26  27  28 [29] 30  31  32  33 [34] 35  36  37  38 [39] 40  41  42  43  44  45 
850]  1  2  3  4 <5> 6  7  8  9  10  11  12  13  14  15 [16] 17  18  19 [20] 21  22  23 [24] 25  26  27 [28] 29  30  31  32  33  34  35 [36] 37  38 [39] 40  41  42  43  44  45 
851]  1  2  3  4  5  6  7  8  9  10  11  12  13 [14] 15  16  17 [18] 19  20  21 [22] 23  24  25 [26] 27  28  29  30 [31] 32  33  34  35  36  37  38  39 <40> 41  42  43 [44] 45 
852]  1  2  3  4  5  6  7  8 <9> 10 [11] 12  13  14  15  16 [17] 18  19  20  21  22  23  24  25  26  27 [28] 29 [30] 31  32 [33] 34 [35] 36  37  38  39  40  41  42  43  44  45 
853]  1 [2] 3  4  5  6  7 [8] 9  10  11  12 <13> 14  15  16  17  18  19  20  21  22 [23] 24  25 [26][27] 28  29  30  31  32  33  34  35  36  37  38  39  40  41  42  43 [44] 45 
854]  1  2 <3> 4  5  6  7  8  9  10  11  12  13  14  15  16  17  18  19 [20] 21  22  23  24 [25] 26  27  28  29  30 [31][32] 33  34  35 [36] 37  38  39  40  41  42 [43] 44  45 
855]  1  2  3  4  5  6 <7>[8] 9  10  11  12  13  14 [15] 16 [17] 18 [19] 20  21  22  23  24  25  26  27  28  29  30  31  32  33  34  35  36  37  38  39  40  41  42 [43][44] 45 
856]  1  2  3  4  5  6  7  8  9 [10] 11  12  13  14  15  16 <17> 18  19  20  21  22  23 [24] 25  26  27  28  29  30  31  32  33  34  35  36  37  38  39 [40][41] 42 [43][44] 45 
857]  1  2  3  4  5 [6] 7  8  9 [10] 11  12  13  14  15 [16] 17  18  19  20  21  22  23  24  25  26  27 [28] 29  30  31  32  33 [34] 35  36  37 [38] 39  40  41  42 [43] 44  45 
858]  1  2  3  4  5  6  7  8 [9] 10  11  12 [13] 14  15  16  17  18  19  20  21  22 <23> 24  25  26  27  28  29  30  31 [32] 33  34  35  36  37 [38][39] 40  41  42 [43] 44  45 
859]  1  2  3  4  5  6  7 [8] 9  10  11  12  13  14  15  16  17  18  19  20  21 [22] 23 <24> 25  26  27  28  29  30  31  32  33  34 [35] 36  37 [38][39] 40 [41] 42  43  44  45 
860]  1  2  3 [4] 5  6  7 [8] 9  10  11  12  13  14  15  16  17 [18] 19  20  21  22  23  24 [25] 26 [27] 28  29  30  31 [32] 33  34  35  36  37  38  39  40  41 [42] 43  44  45 
861]  1  2  3  4  5  6  7  8  9  10 [11] 12  13  14  15  16 [17] 18 [19] 20 [21][22] 23 <24>[25] 26  27  28  29  30  31  32  33  34  35  36  37  38  39  40  41  42  43  44  45 
862]  1  2  3  4  5  6  7  8  9 [10] 11  12  13  14  15  16  17  18  19  20  21  22  23  24  25  26  27  28  29  30  31 <32> 33 [34] 35  36  37 [38] 39 [40] 41 [42][43] 44  45 
863]  1  2  3  4  5  6  7  8  9  10  11 <12> 13  14  15 [16] 17  18  19  20 [21] 22  23  24  25  26  27 [28] 29  30  31  32  33  34 [35] 36  37  38 [39] 40  41  42 [43] 44  45 
864]  1  2 [3] 4  5  6 [7] 8  9 [10] 11  12 [13] 14  15  16  17  18  19  20  21  22  23  24 [25] 26  27  28  29  30  31 <32> 33  34  35 [36] 37  38  39  40  41  42  43  44  45 
865]  1 <2>[3] 4  5  6  7  8  9  10  11  12  13  14 [15] 16  17  18  19  20  21 [22] 23  24  25  26  27  28  29  30  31 [32][33] 34  35  36  37  38  39  40  41  42  43  44 [45]
866]  1  2  3  4  5  6  7  8 [9] 10  11 <12> 13  14 [15] 16  17  18  19  20  21  22  23  24  25  26  27  28 [29] 30  31  32  33 [34] 35  36 [37] 38 [39] 40  41  42  43  44  45 
867]  1  2  3  4  5  6  7  8  9  10  11  12  13 [14] 15  16 [17] 18 [19] 20  21 [22] 23 [24] 25  26  27  28  29  30  31  32  33  34  35  36  37  38  39 [40][41] 42  43  44  45 
868]  1  2  3  4  5  6  7  8  9  10  11 [12] 13  14  15  16 [17] 18  19  20  21  22  23  24 <25> 26  27 [28] 29  30  31  32  33  34  35  36  37  38  39  40 [41] 42 [43][44] 45 
869]  1 [2] 3 <4> 5 [6] 7  8  9  10  11  12  13  14  15  16  17  18  19 [20] 21  22  23  24  25  26 [27] 28  29  30  31  32  33  34  35  36 [37] 38 [39] 40  41  42  43  44  45 
870]  1  2  3  4  5  6  7  8  9  10  11  12  13  14  15  16  17  18  19  20 [21] 22  23  24 [25] 26  27  28  29 [30]<31>[32] 33  34  35  36  37  38  39 [40] 41 [42] 43  44  45 
871]  1 [2] 3  4  5 [6] 7  8  9  10  11 [12] 13  14  15  16  17  18  19  20  21  22  23  24  25 [26] 27  28  29 [30] 31  32  33 [34] 35  36  37 [38] 39  40  41  42  43  44  45 
872]  1 [2] 3 [4] 5  6  7  8  9  10  11  12  13  14  15  16  17  18  19  20  21  22  23  24  25  26  27  28 <29>[30] 31 [32][33] 34  35  36  37  38  39  40  41  42 [43] 44  45 
873]  1  2 [3] 4 [5] 6  7  8  9  10  11 [12][13] 14  15  16  17  18  19  20  21  22  23  24  25  26  27  28  29  30  31  32 [33] 34  35  36  37 <38>[39] 40  41  42  43  44  45 
874] [1] 2  3  4  5  6  7  8  9  10  11  12  13  14 [15] 16  17  18 [19] 20  21  22 [23] 24  25  26  27 [28] 29  30  31 <32> 33  34  35  36  37  38  39  40  41 [42] 43  44  45 
875]  1  2  3  4  5  6  7  8  9  10  11  12  13  14  15  16  17  18 [19] 20  21 [22] 23  24  25  26  27  28  29 [30] 31  32  33 [34] 35 <36> 37  38 [39] 40  41  42  43 [44] 45 
876]  1  2  3  4 [5] 6  7  8  9  10  11  12  13  14  15 [16] 17  18  19  20 [21] 22  23 <24> 25 [26] 27  28  29  30  31  32  33 [34] 35  36  37  38  39  40  41 [42] 43  44  45 
877]  1  2  3  4 [5] 6  7  8  9  10  11 <12> 13  14  15  16 [17][18] 19  20  21 [22][23] 24  25  26  27  28  29  30  31  32  33  34  35  36  37  38  39  40  41  42 [43] 44  45 
878]  1 [2]<3> 4  5 [6] 7  8  9  10 [11] 12  13  14  15 [16] 17  18  19  20  21  22  23  24 [25] 26  27  28  29  30 [31] 32  33  34  35  36  37  38  39  40  41  42  43  44  45 
879] [1] 2  3 [4] 5  6  7  8  9 [10] 11  12  13 [14][15] 16  17  18  19 <20> 21  22  23  24  25  26  27  28  29  30  31  32  33  34 [35] 36  37  38  39  40  41  42  43  44  45 
880]  1  2  3  4  5  6 [7] 8  9  10  11  12  13  14  15  16 [17] 18 [19] 20  21  22 [23][24] 25  26  27  28  29  30  31  32  33  34  35  36  37 <38> 39  40  41  42  43  44 [45]
881]  1  2  3 [4] 5  6  7  8 <9> 10  11  12  13  14  15  16  17 [18] 19 [20] 21  22  23  24  25 [26][27] 28  29  30  31 [32] 33  34  35  36  37  38  39  40  41  42  43  44  45 
882]  1  2  3  4  5  6  7  8  9  10  11  12  13  14  15  16  17 [18] 19  20  21  22 <23> 24  25  26  27  28  29  30  31  32  33 [34] 35  36  37  38 [39] 40  41  42 [43][44][45]
883]  1  2  3  4  5  6  7  8 [9] 10  11  12  13  14  15  16  17 [18] 19  20  21 <22> 23  24  25  26  27  28  29  30  31 [32][33] 34  35  36 [37] 38  39  40  41  42  43 [44] 45 
884]  1  2  3 [4] 5  6  7  8  9  10  11  12  13 [14] 15  16 <17> 18  19  20  21  22 [23] 24  25  26  27 [28] 29  30  31  32  33  34  35  36 [37] 38  39  40  41  42  43  44 [45]
885] [1] 2 [3] 4  5  6  7  8  9  10  11  12  13  14  15  16  17  18  19  20  21  22  23 [24] 25  26 [27] 28  29  30 <31> 32  33  34  35  36  37  38 [39] 40  41  42  43  44 [45]
886]  1 <2> 3  4  5  6  7  8  9  10  11  12  13  14  15  16  17  18 [19] 20  21  22 [23] 24  25  26  27 [28] 29  30  31  32  33  34  35  36 [37] 38  39  40  41 [42] 43  44 [45]
887]  1  2  3  4  5  6  7 [8] 9 <10> 11  12  13 [14] 15  16 [17] 18  19  20  21  22  23  24  25  26 [27] 28  29  30  31  32  33  34  35 [36] 37  38  39  40  41  42  43  44 [45]
888]  1  2 [3] 4  5  6 [7] 8  9  10  11 [12] 13  14  15  16  17  18  19  20  21  22  23  24  25  26  27  28  29  30 [31]<32> 33 [34] 35  36  37 [38] 39  40  41  42  43  44  45 
889]  1  2 [3] 4  5  6  7  8  9  10  11  12 [13] 14  15  16  17  18  19  20  21  22  23  24  25 <26> 27  28 [29] 30  31  32  33  34  35  36  37 [38][39] 40  41 [42] 43  44  45 
890] [1] 2  3 [4] 5 <6> 7  8  9  10  11  12  13 [14] 15  16  17 [18] 19  20  21  22  23  24  25  26  27  28 [29] 30  31  32  33  34  35  36 [37] 38  39  40  41  42  43  44  45 
891]  1  2  3  4  5  6  7  8 [9] 10  11  12 [13] 14  15  16  17  18 <19> 20  21  22  23  24  25  26  27 [28] 29  30 [31] 32  33  34  35  36  37  38 [39] 40 [41] 42  43  44  45 
892]  1  2  3 [4] 5  6  7  8 [9] 10  11  12  13  14  15  16 [17][18] 19  20  21  22  23  24  25 [26] 27  28  29  30  31  32  33  34  35 <36> 37  38  39  40  41 [42] 43  44  45 
893] [1] 2  3  4  5  6  7  8  9 <10> 11  12  13  14 [15] 16 [17] 18  19  20  21  22 [23] 24 [25] 26  27  28  29  30  31  32  33  34  35  36  37  38  39  40 [41] 42  43  44  45 
894]  1  2  3  4  5  6  7  8  9  10  11  12  13  14  15  16  17  18 [19] 20  21  22  23  24  25  26  27  28  29  30  31 [32] 33  34  35  36 [37] 38  39 [40][41] 42 [43] 44 [45]
895]  1  2  3  4  5  6  7  8  9  10  11  12  13  14  15 [16] 17  18  19  20  21  22 <23> 24  25 [26] 27  28  29  30 [31] 32  33  34  35  36  37 [38][39] 40 [41] 42  43  44  45 
896]  1  2  3  4 [5] 6  7  8  9  10  11 [12] 13  14  15  16  17  18  19  20  21  22 <23> 24 [25][26] 27  28  29  30  31  32  33  34  35  36  37 [38] 39  40  41  42  43  44 [45]
897]  1  2  3  4  5 [6][7] 8  9  10  11 [12] 13  14  15  16  17  18  19  20  21 [22] 23  24  25 [26] 27  28 <29> 30  31  32  33  34  35 [36] 37  38  39  40  41  42  43  44  45 
898]  1  2  3  4  5  6  7  8  9  10  11  12  13  14  15  16 <17>[18] 19  20 [21] 22  23  24  25  26  27 [28] 29  30  31  32  33  34 [35] 36 [37] 38  39  40  41 [42] 43  44  45 
899]  1  2  3  4  5  6  7 [8] 9  10  11  12  13  14  15  16  17  18 [19][20][21] 22  23  24  25  26  27  28  29  30  31  32 [33] 34  35  36 <37> 38 [39] 40  41  42  43  44  45 
900]  1  2  3  4  5  6 [7] 8  9  10  11  12 [13]<14> 15 [16] 17 [18] 19  20  21  22  23  24  25  26  27  28  29  30  31  32  33  34 [35] 36  37 [38] 39  40  41  42  43  44  45 
901]  1  2  3  4 [5] 6  7  8  9  10  11  12  13  14  15  16  17 [18] 19 [20]<21> 22 [23] 24  25  26  27  28  29 [30] 31  32  33 [34] 35  36  37  38  39  40  41  42  43  44  45 
902]  1  2  3  4  5  6 [7] 8  9  10  11  12  13  14  15  16  17  18 [19] 20  21  22 [23][24] 25  26  27  28  29 <30> 31  32  33  34  35 [36] 37  38 [39] 40  41  42  43  44  45 
903]  1 [2] 3  4  5  6  7  8  9  10  11  12  13  14 [15][16] 17  18  19  20 [21][22] 23  24  25  26  27 [28] 29  30  31  32  33  34  35  36  37  38  39  40  41  42  43  44 [45]
904]  1 [2] 3  4  5 [6] 7 [8] 9  10 <11> 12  13  14  15  16  17  18  19  20  21  22  23  24  25 [26] 27  28  29  30  31  32  33  34  35  36  37  38  39  40  41  42 [43] 44 [45]
905]  1  2 [3][4] 5  6  7  8  9  10  11  12  13  14  15 [16] 17  18  19 <20> 21  22  23  24  25  26 [27] 28  29  30  31  32  33  34  35  36  37 [38] 39 [40] 41  42  43  44  45 
906]  1 [2] 3  4 [5] 6  7  8  9  10  11  12  13 [14] 15  16  17  18  19 <20> 21  22  23  24  25  26  27 [28] 29  30 [31][32] 33  34  35  36  37  38  39  40  41  42  43  44  45 
907]  1  2  3  4  5  6  7  8  9  10  11  12  13  14  15  16  17  18  19  20 [21] 22  23  24  25  26 [27] 28 [29] 30  31  32  33  34  35  36 <37>[38] 39 [40] 41  42  43 [44] 45 
908]  1  2 [3] 4  5  6  7  8  9  10  11  12  13  14  15 [16] 17  18  19  20 [21][22][23] 24  25  26  27  28  29 <30> 31  32  33  34  35  36  37  38  39  40  41  42  43 [44] 45 
909]  1  2  3  4  5  6 [7] 8  9  10  11  12  13  14  15  16  17  18  19  20  21  22  23 [24] 25  26  27  28 [29][30] 31  32 <33>[34][35] 36  37  38  39  40  41  42  43  44  45 
910] [1] 2  3  4  5  6  7  8  9  10 [11] 12  13  14  15  16 [17] 18  19  20  21  22  23  24  25  26 [27] 28  29  30 <31> 32  33  34 [35] 36  37  38 [39] 40  41  42  43  44  45 
911]  1  2  3 [4][5] 6  7  8  9  10  11 [12] 13 [14] 15  16  17  18  19  20  21  22  23  24  25  26  27  28  29  30  31 [32] 33  34 <35> 36  37  38  39  40  41 [42] 43  44  45 
912]  1  2  3  4 [5] 6  7 [8] 9 <10> 11  12  13  14  15  16  17 [18] 19  20 [21][22] 23  24  25  26  27  28  29  30  31  32  33  34  35  36  37 [38] 39  40  41  42  43  44  45 
913]  1  2  3  4  5 [6] 7  8  9  10  11  12  13 [14] 15 [16] 17  18  19  20 [21] 22  23  24  25  26 [27] 28  29  30  31  32  33  34  35  36 [37] 38  39 [40] 41  42  43  44  45 
914]  1  2  3  4  5  6  7  8  9  10  11  12  13  14  15 [16] 17  18 [19] 20  21  22  23 [24] 25  26 <27> 28  29  30  31  32 [33] 34  35  36  37  38  39  40  41 [42] 43 [44] 45 
915]  1 [2] 3  4  5 [6] 7  8  9  10 [11] 12 [13]<14> 15  16  17  18  19  20  21 [22] 23  24  25  26  27  28  29  30  31  32  33  34  35  36 [37] 38  39  40  41  42  43  44  45 
916]  1  2  3  4  5 [6] 7  8  9  10  11  12  13  14  15  16 <17> 18  19  20 [21][22] 23  24  25  26  27  28  29  30  31 [32] 33  34 [35][36] 37  38  39  40  41  42  43  44  45 
917] [1] 2 [3] 4  5  6  7  8  9  10  11  12  13  14  15  16  17  18  19  20  21  22 [23][24] 25  26 [27] 28  29  30  31  32  33 <34> 35  36  37  38  39  40  41  42 [43] 44  45 
918]  1  2  3  4 <5> 6 [7] 8  9  10 [11][12] 13  14  15  16  17  18  19  20  21  22  23  24  25  26  27  28  29  30 [31] 32 [33] 34  35  36  37 [38] 39  40  41  42  43  44  45 
919]  1  2  3  4  5  6  7  8 [9] 10  11  12  13 [14] 15  16 [17][18] 19  20  21  22  23  24  25  26  27  28  29  30  31  32  33  34 <35> 36  37  38  39  40  41 [42] 43 [44] 45 
920]  1 [2][3] 4  5  6  7  8  9  10  11  12  13  14  15  16  17  18  19  20  21  22  23  24  25 [26] 27  28 <29> 30  31  32 [33][34] 35  36  37  38  39  40  41  42 [43] 44  45 
921] <1> 2  3  4 [5] 6 [7] 8  9  10  11 [12] 13  14  15  16  17  18  19  20  21 [22] 23  24  25  26  27 [28] 29  30  31  32  33  34  35  36  37  38  39  40 [41] 42  43  44  45 
922]  1 [2] 3  4  5 [6] 7  8  9  10  11  12 [13] 14  15  16 [17] 18  19  20  21  22  23  24  25  26 [27] 28  29  30  31  32  33  34  35 <36> 37  38  39  40  41  42 [43] 44  45 
923]  1  2 [3] 4  5  6  7  8  9  10  11  12  13  14  15  16 [17][18] 19  20  21  22 [23] 24  25 <26> 27  28  29  30  31  32  33  34  35 [36] 37  38  39  40 [41] 42  43  44  45 
924]  1  2 [3] 4  5  6  7  8  9  10 [11] 12 <13> 14  15  16  17  18  19  20  21  22  23  24  25  26  27  28  29  30  31  32  33 [34] 35  36  37  38  39  40  41 [42][43][44] 45 
925]  1  2  3 <4> 5  6  7  8  9  10  11  12 [13] 14  15  16  17  18  19  20  21  22  23 [24] 25  26  27  28  29  30  31 [32] 33 [34] 35  36  37  38 [39] 40  41 [42] 43  44  45 
926]  1  2  3  4  5 <6> 7  8  9 [10] 11  12  13  14  15 [16] 17 [18] 19 [20] 21  22  23  24 [25] 26  27  28  29  30 [31] 32  33  34  35  36  37  38  39  40  41  42  43  44  45 
927]  1  2  3 [4] 5  6  7  8  9  10  11  12  13  14 [15] 16  17  18  19  20  21 [22] 23  24  25 <26> 27  28  29  30  31  32  33  34  35  36  37 [38] 39  40 [41] 42 [43] 44  45 


928]  1 [2] 3  4  5  6  7  8  9  10  11  12  13 [14] 15  16  17  18  19  20  21  22  23  24  25 [26] 27  28  29  30  31  32  33  34  35  36  37  38  39  40  41  42  43  44  45 << Expect Number
928]  1  2  3  4  5  6  7  8  9  10  11  12  13  14  15  16  17  18  19  20  21  22  23  24  25  26  27  28  29  30  31  32  33  34  35  36  37  38  39  40  41  42  43  44  45 << Expect Number with Max Point
