Prime Count
0] 13
1] 36
2] 24
3] 20 [+]
4] 8
5] 0
6] 0

Prime Count with Bonus
0] 9
1] 28
2] 25
3] 25 [+]
4] 13
5] 1
6] 0

Even vs Odd Count
0 vs 6 ] 2
1 vs 5 ] 13 [+]
2 vs 4 ] 18
3 vs 3 ] 34
4 vs 2 ] 23
5 vs 1 ] 8
6 vs 0 ] 3

Even vs Odd Count with Bonus
0 vs 7 ] 1
1 vs 6 ] 6
2 vs 5 ] 15 [+]
3 vs 4 ] 26
4 vs 3 ] 32
5 vs 2 ] 15
6 vs 1 ] 4
7 vs 0 ] 2

*** 해당 월/일이 나오는 경우 ***
>> 월이 나온 경우 
  1   2   3   4   5   6   7   8   9  10  11  12 total
  1   0   0   1   2   2   0   0   2   1   0   2  11 
  0   0   1   0   0   0   0   0   0   0   0   0   1 bonus
  1   0   1   1   2   2   0   0   2   1   0   2  12 total

  7   9   9   7   7   7   5   9   7   7   9   7  90 
  8   9   8   8   9   9   5   9   9   8   9   9 100 bonus
 15  18  17  15  16  16  10  18  16  15  18  16 190 total


>> 일이 나온 경우 
  1   2   3   4   5   6   7   8   9  10  11  12  13  14  15  16  17  18  19  20  21  22  23  24  25  26  27  28  29  30  31 total
  0   1   1   2   0   0   1   0   0   0   0   0   2   0   0   1   0   0   0   0   1   0   1   0   1   0   2   1   0   1   0  15 
  0   0   0   0   0   0   0   0   0   0   0   0   0   0   0   0   0   0   0   0   0   0   0   0   0   0   0   0   0   0   0   0 bonus
  0   1   1   2   0   0   1   0   0   0   0   0   2   0   0   1   0   0   0   0   1   0   1   0   1   0   2   1   0   1   0  15 total

  4   3   1   2   2   4   2   4   4   2   4   2   2   3   4   3   2   4   2   4   2   4   3   2   3   2   2   3   4   2   1  86 
  4   4   2   4   2   4   3   4   4   2   4   2   4   3   4   4   2   4   2   4   3   4   4   2   4   2   4   4   4   3   1 101 bonus
  8   7   3   6   4   8   5   8   8   4   8   4   6   6   8   7   4   8   4   8   5   8   7   4   7   4   6   7   8   5   2 187 total

*** Total AC ***
                                     [+]    
  0   1   2   3   4   5   6   7   8   9  10 
  0   0   0   0   3   5  12  11  38  13  19 

*** Total Rank ***
>> 1 0 0 1 21
    1   2   3   4   5   6   7   8   9  10  11  12  13  14  15  16  17  18  19  20  21  22  23  24  25  26  27  28  29  30  31  32  33  34  35  36  37  38  39  40 
1 101                                                                                                                                                             
2                                                                                                                                                                 
3   2                                                                                                                                                             
4  36  18   5   5                                                                                                                                                 
5                                       2   2   1   5   5   3   5   7   4  17   8   8   5   7   7   5   4   2   2   1           1                                 

 *** Hot / Cold / One ***
0 3 3] 1
0 4 2] 4
0 5 1] 2
0 6 0] 2
1 2 3] 2
1 3 2] 7
1 4 1] 7
1 5 0] 1
2 0 4] 1
2 1 3] 4
2 2 2] 19
2 3 1] 15  [+]
2 4 0] 8
3 0 3] 2
3 1 2] 6
3 2 1] 5
3 3 0] 5
4 0 2] 1
4 1 1] 7
4 2 0] 1
5 0 1] 1


*** 연속번호 횟수 ***
  0   2   3   4   5   6  2_2
 48  41   5   0   0   0   7 

*** jumpNumber 횟수, 0 : jump2가 없는 경우 ***
  0   2   3   4   5   6   7   8   9  10  11  12  13  14  15  16  17  18  19  20  21  22  23  24  25  26  27  28  29  30  31  32  33  34  35  36  37  38  39  40 
 50  51  41  40  38  32  21  19  14  22  11  19  11  13   8  12   7   4   3   4   3   0   1   2   0   2   0   0   0   0   0   0   0   0   0   0   0   0   0   0 
  0  64  51  51  45  35  24  22  18  24  13  21  11  14   8  12   7   4   3   4   3   0   1   2   0   2   0   0   0   0   0   0   0   0   0   0   0   0   0   0 

 *** Case : NextNumber 0 ~ 6 ***

 N개 이월된 횟수 >>
  0   1   2   3   4   5   6 
 30  56  14   0   0   0   0 

 번호별 이월된 횟수 >>
 1  2  3  4  5  6  7  8  9 10 11 12 13 14 15 16 17 18 19 20 21 22 23 24 25 26 27 28 29 30 31 32 33 34 35 36 37 38 39 40 41 42 43 44 45 
 0  2  2  1  3  1  0  1  3  1  2  1  0  1  1  3  2  5  2  0  3  1  1  3  3  2  0  2  2  3  1  0  6  1  1  0  1  5  3  0  2  2  3  3  5 

 두 번호 이월된 횟수 >>
 2 30]  1
 3 38]  1
 4 31]  1
 6 22]  1
 9 28]  1
12 26]  1
18 24]  1
18 42]  1
18 44]  1
21 44]  1
26 38]  1
33 45]  1
38 39]  1
43 44]  1

 *** Case : NextNumber 0 ~ 6 with Bonus ***

 N개 이월된 횟수 with bonus >>
  0   1   2   3   4   5   6 
 25  43  28   4   0   0   0 

 번호별 이월된 횟수 with bonus >>
 1  2  3  4  5  6  7  8  9 10 11 12 13 14 15 16 17 18 19 20 21 22 23 24 25 26 27 28 29 30 31 32 33 34 35 36 37 38 39 40 41 42 43 44 45 
 0  2  3  1  4  1  0  1  3  1  2  3  0  1  2  3  3  5  3  1  3  2  2  3  3  3  1  2  3  6  1  1  6  2  3  0  2  6  3  0  3  3  5  3  6 

 두 번호 이월된 횟수  with bonus >>
 2 30]  1
 3 25]  1
 3 38]  1
 4 29]  1
 4 31]  1
 5 39]  1
 6 22]  1
 9 28]  1
10 43]  1
12 24]  1
12 26]  1
14 38]  1
15 25]  1
16 27]  1
17 43]  1
17 44]  1
18 24]  1
18 42]  1
18 44]  1
21 37]  1
21 44]  1
23 30]  1
24 26]  1
26 38]  1
29 31]  1
33 45]  1
38 39]  1
43 44]  1

 *** Case : Bonus -> RealNumber ***
[bonus -> real 12] has appeared! 822 -> 823
[bonus -> real 30] has appeared! 832 -> 833
[bonus -> real 22] has appeared! 847 -> 848
[bonus -> real 34] has appeared! 848 -> 849
[bonus -> real 43] has appeared! 857 -> 858
[bonus -> real 32] has appeared! 864 -> 865
[bonus -> real 41] has appeared! 867 -> 868
[bonus -> real 45] has appeared! 903 -> 904
[bonus -> real 30] has appeared! 908 -> 909

Bonus Next Real : 9 / 101
 1  2  3  4  5  6  7  8  9 10 11 12 13 14 15 16 17 18 19 20 21 22 23 24 25 26 27 28 29 30 31 32 33 34 35 36 37 38 39 40 41 42 43 44 45 
 0  0  0  0  0  0  0  0  0  0  0  1  0  0  0  0  0  0  0  0  0  1  0  0  0  0  0  0  0  2  0  1  0  1  0  0  0  0  0  0  1  0  1  0  1 bonus -> real
 0  2  5  2  1  4  1  0  3  3  1  3  2  3  2  1  5  2  3  4  1  1  4  4  1  2  2  0  3  1  3  3  1  1  3  2  2  4  0  2  0  3  0  0  1 bonus -> x
 0  2  5  2  1  4  1  0  3  3  1  4  2  3  2  1  5  2  3  4  1  2  4  4  1  2  2  0  3  3  3  4  1  2  3  2  2  4  0  2  1  3  1  0  2 bonus total

 *** Case : Bonus -> Bonus ***
[bonus -> bonus 42] has appeared! 825 -> 826
[bonus -> bonus 23] has appeared! 895 -> 896
[bonus -> bonus 20] has appeared! 905 -> 906

Bonus Next Bonus : 3 / 101
 1  2  3  4  5  6  7  8  9 10 11 12 13 14 15 16 17 18 19 20 21 22 23 24 25 26 27 28 29 30 31 32 33 34 35 36 37 38 39 40 41 42 43 44 45 
 0  0  0  0  0  0  0  0  0  0  0  0  0  0  0  0  0  0  0  1  0  0  1  0  0  0  0  0  0  0  0  0  0  0  0  0  0  0  0  0  0  1  0  0  0 
