21, 22] :  6 
38, 39] :  5 
43, 44] :  4 
12, 13] :  4 
32, 33] :  3 
23, 24] :  3  [+]
42, 43] :  2 
40, 41] :  2 
31, 32] :  2 
29, 30] :  2 
28, 29] :  2 
26, 27] :  2 
22, 23] :  2 
17, 18] :  2 
14, 15] :  2 
11, 12] :  2 
 4,  5] :  2 
44, 45] :  1 
41, 42] :  1 
39, 40] :  1 
37, 38] :  1 
35, 36] :  1 
34, 35] :  1 
33, 34] :  1 
25, 26] :  1 
24, 25] :  1 
20, 21] :  1 
19, 20] :  1 
15, 16] :  1 
13, 14] :  1 
 9, 10] :  1 
 7,  8] :  1 
 6,  7] :  1 
 5,  6] :  1 
 3,  4] :  1 
 1,  2] :  1 
45, 46] :  0 
36, 37] :  0 
30, 31] :  0 
27, 28] :  0 
18, 19] :  0 
