41, 43] :  4 
39, 41] :  4 
38, 40] :  4 
17, 19] :  4 
43, 45] :  3 
28, 30] :  3 
18, 20] :  3 
40, 42] :  2 
37, 39] :  2 
30, 32] :  2 
26, 28] :  2 
19, 21] :  2 
16, 18] :  2 
15, 17] :  2 
 9, 11] :  2 
 6,  8] :  2 
 2,  4] :  2 
 1,  3] :  2  [+]
42, 44] :  1 
36, 38] :  1 
35, 37] :  1 
33, 35] :  1 
31, 33] :  1 
29, 31] :  1 
27, 29] :  1 
25, 27] :  1 
24, 26] :  1 
23, 25] :  1 
22, 24] :  1 
14, 16] :  1 
13, 15] :  1 
12, 14] :  1 
11, 13] :  1 
 7,  9] :  1 
 3,  5] :  1 
45, 47] :  0 
44, 46] :  0 
34, 36] :  0 
32, 34] :  0 
21, 23] :  0 
20, 22] :  0 
